

----------------------- TEST -----------------------
Date: Fri Aug 15 06:26:58 EDT 2008
Run by: bela

log_interval:	100000
msg_size:	1000
config:	/home/bela/config.txt
transport:	org.jgroups.tests.perf.transports.JGroupsTransport
num_senders:	10
sender:	true
props:	./tcp-2.6.xml
dump_transport_stats:	false
num_msgs:	1000000
processing_delay:	0
num_members:	10
jmx:	false
JGroups version: 2.6.4.CR1


##### msgs_received, current time (in ms), msgs/sec, throughput/sec [KB], free_mem [KB] , total_mem [KB] 
100000 1218796052300 7574.61 7574609.91 250797.224 397869.056
200000 1218796054650 12860.08 12860082.3 204668.832 413663.232
300000 1218796057043 16717.75 16717748.68 219051.128 413794.304
400000 1218796061226 18076.64 18076644.97 389946.616 413990.912
500000 1218796065609 18860.1 18860095.81 327970.96 414187.52
600000 1218796070018 19404.92 19404915.91 271416.784 414580.736
700000 1218796074376 19842.39 19842394.69 213132.376 414711.808
800000 1218796078782 20159.26 20159258.14 372867.0 415236.096
900000 1218796083152 20429.47 20429472.92 316083.512 415760.384
1000000 1218796087501 20659.88 20659876.45 265453.672 415760.384
1100000 1218796091881 20840.04 20840043.2 212988.104 416022.528
1200000 1218796096240 21000.32 21000315 385110.8 416022.528
1300000 1218796100541 21157.82 21157821.07 340408.736 416153.6
1400000 1218796104986 21248.18 21248178.73 274577.952 416350.208
1500000 1218796109341 21354.44 21354441.01 235414.88 416415.744
1600000 1218796113720 21441.4 21441397.98 185284.352 416546.816
1700000 1218796118059 21529.62 21529615.89 356541.936 416350.208
1800000 1218796122409 21605.79 21605790.35 306373.0 416481.28
1900000 1218796126696 21689.99 21689992.92 253859.792 416481.28
2000000 1218796131038 21753.32 21753317.38 220421.64 416481.28
2100000 1218796135443 21796.67 21796668.22 395433.24 414908.416
2200000 1218796139661 21876.83 21876833.43 367754.696 416612.352
2300000 1218796143803 21966.48 21966477.25 357746.408 416546.816
2400000 1218796147627 22113.91 22113905.04 353261.08 416546.816
2500000 1218796149996 22543.24 22543237.93 369048.28 416415.744
2600000 1218796152327 22962.32 22962315.31 384268.352 416481.28
2700000 1218796154630 23370.15 23370148.53 176554.744 416481.28
2800000 1218796156973 23753.98 23753976.67 317848.336 414515.2
2900000 1218796159391 24107.8 24107803.45 307157.592 412221.44
3000000 1218796161976 24414.46 24414459.87 241181.088 408879.104
3100000 1218796164396 24741.02 24741017.41 212152.232 407371.776
3200000 1218796166790 25060.3 25060301.35 189169.376 409796.608
3300000 1218796169159 25372.71 25372709.73 192471.848 409731.072
3400000 1218796171329 25712.58 25712578.74 360820.384 409665.536
3500000 1218796173740 25994.86 25994860.44 347010.056 409796.608
3600000 1218796176210 26255.91 26255907.58 335640.2 410058.752
3700000 1218796178590 26524.82 26524818.63 329286.416 410451.968
3800000 1218796180963 26786.03 26786028.97 338810.816 410976.256
3900000 1218796183363 27033.58 27033584.03 335896.912 411762.688
4000000 1218796185824 27261.7 27261698.68 339903.656 412418.048
4100000 1218796188155 27506.26 27506256 339841.208 413007.872
4200000 1218796190533 27734.67 27734671.64 344536.168 413532.16
4300000 1218796192948 27949.3 27949301.27 356733.536 414056.448
4400000 1218796195373 28155.5 28155495.12 369565.168 414449.664
4500000 1218796197797 28355.57 28355566.2 384625.008 414711.808
4600000 1218796200123 28566.99 28566992.7 174659.048 414711.808
4700000 1218796202558 28753.21 28753211.79 188593.512 414908.416
4800000 1218796204941 28943.04 28943036.49 207966.672 415301.632
4900000 1218796207342 29124.37 29124366.99 227357.432 415629.312
5000000 1218796209716 29305.23 29305231.57 244754.328 415694.848
5100000 1218796212102 29479.09 29479087.19 262063.144 415825.92
5200000 1218796214486 29648.55 29648550.64 284838.296 416022.528
5300000 1218796216994 29792.69 29792687.86 300903.672 416219.136
5400000 1218796219396 29950.42 29950415.42 321794.168 416350.208
5500000 1218796221767 30109.1 30109104.45 344313.304 416481.28
5600000 1218796224111 30268.14 30268143.32 369880.72 416612.352
5700000 1218796226630 30394.81 30394812.62 167073.968 416743.424
5800000 1218796228886 30560.41 30560414.78 179270.648 416874.496
5900000 1218796231262 30702.94 30702941.24 204001.792 416481.28
6000000 1218796233676 30835.96 30835962.96 227768.632 416546.816
6100000 1218796236163 30954.25 30954253.67 243382.832 416612.352
6200000 1218796238516 31090.47 31090473.28 268612.12 416546.816
6300000 1218796240749 31242.1 31242096.49 265727.776 416546.816
6400000 1218796242995 31388.4 31388397.08 263818.608 416612.352
6500000 1218796245225 31533.96 31533957.22 271835.672 416546.816
6600000 1218796247515 31667.28 31667282.42 214866.912 416284.672
6700000 1218796249911 31781.72 31781721.24 220714.144 414842.88
6800000 1218796252243 31903.16 31903164.51 233445.288 411697.152
6900000 1218796254566 32023.32 32023316.69 235648.144 409075.712
7000000 1218796256890 32140.76 32140758.15 239511.392 411828.224
7100000 1218796259241 32251.76 32251763.63 231054.816 411566.08
7200000 1218796261600 32359.26 32359259.69 224476.928 410910.72
7300000 1218796263956 32464.93 32464933.42 221553.84 411107.328
7400000 1218796266337 32564.83 32564832.62 206663.288 411566.08
7500000 1218796268669 32669.63 32669631.62 200457.936 411697.152
7600000 1218796271015 32770.34 32770344.56 242612.144 411959.296
7700000 1218796273232 32887.15 32887150.09 222133.704 411303.936
7800000 1218796275512 32992.97 32992969.96 284075.048 411435.008
7900000 1218796277758 33101.48 33101483.28 271523.696 411697.152
8000000 1218796280113 33192.95 33192954.8 252516.84 411762.688
8100000 1218796282388 33293.6 33293600.23 227198.264 411893.76
8200000 1218796284622 33397.96 33397957.02 212580.264 412221.44
8300000 1218796286920 33491.78 33491780.39 191916.48 412614.656
8400000 1218796289263 33577.84 33577838.63 177357.232 413007.872
8500000 1218796291549 33669.9 33669900.3 161827.264 413466.624
8600000 1218796293820 33762.3 33762297.72 226494.536 413859.84
8700000 1218796296127 33848.32 33848320.62 354812.632 414121.984
8800000 1218796298409 33936.08 33936084.47 265837.72 414646.272
8900000 1218796300682 34023.49 34023487.68 177021.128 414515.2
9000000 1218796302963 34108.35 34108350.86 306885.992 414842.88
9100000 1218796305228 34193.82 34193815.05 219088.264 415301.632
9200000 1218796307500 34276.94 34276942.79 351914.424 415039.488
9300000 1218796309716 34365.78 34365784.98 265612.048 415105.024
9400000 1218796311969 34448.51 34448512.3 178129.984 415105.024
9500000 1218796314281 34522.48 34522481.4 309141.944 415498.24
9600000 1218796316558 34599.58 34599581.92 222178.688 415301.632
9700000 1218796318792 34680.76 34680758.26 354905.256 415498.24
9800000 1218796321389 34715.95 34715949.14 269015.832 415694.848
9900000 1218796323916 34759.04 34759039.11 184030.04 415629.312
10000000 1218796327663 34654.24 34654237.35 318564.968 415760.384

-- results:

172.17.4.13:7800:
num_msgs_expected=10000000, num_msgs_received=10000000 (loss rate=0.0%), received=10GB, time=288574ms, msgs/sec=34653.16, throughput=34.65MB

172.17.5.13:7800:
num_msgs_expected=10000000, num_msgs_received=10000000 (loss rate=0.0%), received=10GB, time=288550ms, msgs/sec=34656.04, throughput=34.66MB

172.17.2.13:7800:
num_msgs_expected=10000000, num_msgs_received=10000000 (loss rate=0.0%), received=10GB, time=288573ms, msgs/sec=34653.28, throughput=34.65MB

172.17.3.13:7800:
num_msgs_expected=10000000, num_msgs_received=10000000 (loss rate=0.0%), received=10GB, time=288565ms, msgs/sec=34654.24, throughput=34.65MB

172.17.1.13:7800:
num_msgs_expected=10000000, num_msgs_received=10000000 (loss rate=0.0%), received=10GB, time=288568ms, msgs/sec=34653.88, throughput=34.65MB

172.17.8.13:7800:
num_msgs_expected=10000000, num_msgs_received=10000000 (loss rate=0.0%), received=10GB, time=288558ms, msgs/sec=34655.08, throughput=34.66MB

172.17.0.13:7800 (myself):
num_msgs_expected=10000000, num_msgs_received=10000000 (loss rate=0.0%), received=10GB, time=288565ms, msgs/sec=34654.24, throughput=34.65MB

172.17.9.13:7800:
num_msgs_expected=10000000, num_msgs_received=10000000 (loss rate=0.0%), received=10GB, time=287917ms, msgs/sec=34732.23, throughput=34.73MB

172.17.6.13:7800:
num_msgs_expected=10000000, num_msgs_received=10000000 (loss rate=0.0%), received=10GB, time=288560ms, msgs/sec=34654.84, throughput=34.65MB

172.17.7.13:7800:
num_msgs_expected=10000000, num_msgs_received=10000000 (loss rate=0.0%), received=10GB, time=288563ms, msgs/sec=34654.48, throughput=34.65MB

combined: 34662.14 msgs/sec averaged over all receivers (throughput=34.66MB/sec)

