

----------------------- TEST -----------------------
Date: Fri Aug 15 06:03:33 EDT 2008
Run by: bela

log_interval:	100000
msg_size:	2500
config:	/home/bela/config.txt
transport:	org.jgroups.tests.perf.transports.JGroupsTransport
num_senders:	10
sender:	true
props:	./udp-2.6.xml
dump_transport_stats:	false
num_msgs:	1000000
processing_delay:	0
num_members:	10
jmx:	false
JGroups version: 2.6.4.CR1


##### msgs_received, current time (in ms), msgs/sec, throughput/sec [KB], free_mem [KB] , total_mem [KB] 
100000 1218794644452 8735.15 21837875.61 276182.592 397869.056
200000 1218794648252 13116.47 32791185.73 286768.872 415629.312
300000 1218794652001 15791.97 39479917.88 382253.696 415432.704
400000 1218794656225 17225.79 43064467.51 196457.016 415432.704
500000 1218794660615 18108.72 45271811.96 278964.064 415760.384
600000 1218794664434 19090.04 47725103.4 333601.664 416088.064
700000 1218794668192 19893.15 49732863.48 239487.96 416415.744
800000 1218794672185 20418.06 51045149.43 377906.488 416350.208
900000 1218794677095 20412.33 51030822.62 294056.024 416415.744
1000000 1218794681017 20827.69 52069231.25 358109.808 416612.352
1100000 1218794685232 21061.5 52653748.95 189562.392 416612.352
1200000 1218794688586 21589.72 53974308.23 282050.688 416481.28
1300000 1218794692510 21846.54 54616341.21 348330.504 416546.816
1400000 1218794696916 21905.12 54762798.85 366595.624 416546.816
1500000 1218794700585 22195.59 55488968.79 278983.872 416546.816
1600000 1218794703988 22540.29 56350726.92 250791.384 416481.28
1700000 1218794708345 22564.08 56410188.34 320160.376 416219.136
1800000 1218794712389 22674.31 56685771.87 341567.472 415629.312
1900000 1218794716062 22875.58 57188952.3 176071.84 415891.456
2000000 1218794719938 23005.96 57514896.36 307749.648 416088.064
2100000 1218794724492 22953.83 57384575.03 244032.312 416415.744
2200000 1218794728606 23012.07 57530177.19 194051.768 416481.28
2300000 1218794731984 23237.02 58092543.95 350718.608 416546.816
2400000 1218794736020 23297.35 58243379.67 312697.472 416677.888
2500000 1218794740088 23346.16 58365395.39 267919.56 416677.888
2600000 1218794744096 23404.03 58510063.73 371231.952 416808.96
2700000 1218794747951 23489.09 58722715.69 215409.68 416677.888
2800000 1218794751909 23548.21 58870526.89 287942.504 416743.424
2900000 1218794756195 23540.68 58851701.83 388400.0 416808.96
3000000 1218794760351 23557.68 58894202.45 265308.488 416808.96
3100000 1218794764859 23510.67 58776686.51 226204.104 416940.032
3200000 1218794768466 23622.86 59057152.56 309250.92 416743.424
3300000 1218794772268 23696 59240004.6 269151.096 416743.424
3400000 1218794776373 23715.03 59287572.63 201826.928 416612.352
3500000 1218794779831 23837.58 59593943.89 246112.296 416612.352
3600000 1218794783354 23944.13 59860325.91 303914.232 416677.888
3700000 1218794787241 23989.06 59972639.51 372454.496 416546.816
3800000 1218794791212 24019.01 60047532.36 246101.88 416481.28
3900000 1218794795164 24050.32 60125801.68 378153.136 416415.744
4000000 1218794799673 23999.66 59999160.01 337284.952 416481.28
4100000 1218794803322 24072.62 60181542.76 381992.368 416546.816
4200000 1218794807448 24076.49 60191236.16 269372.608 414711.808
4300000 1218794811825 24046.39 60115981.9 252051.936 416481.28
4400000 1218794816137 24026.25 60065635.36 362928.472 416481.28
4500000 1218794819983 24066.87 60167184.55 212011.184 416481.28
4600000 1218794823368 24164.23 60410581.83 294290.752 416415.744
4700000 1218794827064 24219.31 60548284.04 298019.168 416415.744
4800000 1218794830583 24294.08 60735199.59 335925.424 416415.744
4900000 1218794834752 24287.73 60719313.2 362128.672 416350.208
5000000 1218794838710 24306.53 60766336.42 366145.28 416350.208
5100000 1218794842271 24370.78 60926949.78 379313.424 415498.24
5200000 1218794845838 24432.19 61080466.47 226073.328 416481.28
5300000 1218794849162 24519.1 61297754.42 284224.024 416481.28
5400000 1218794852624 24587.92 61469811.49 360107.608 416743.424
5500000 1218794855860 24679.61 61699034.35 198735.248 416612.352
5600000 1218794859358 24740.01 61850022.53 262838.752 414842.88
5700000 1218794862624 24823.62 62059054.09 362466.968 416546.816
5800000 1218794866486 24841.32 62103288.48 355141.752 416415.744
5900000 1218794869962 24898.93 62247318.09 188926.896 416546.816
6000000 1218794873502 24948.23 62370581.04 221732.728 416481.28
6100000 1218794877474 24951.94 62379842.11 212781.592 416415.744
6200000 1218794881554 24944.68 62361697.85 205077.144 416612.352
6300000 1218794884960 25004.37 62510914.6 232574.968 416612.352
6400000 1218794888585 25040.99 62602462.62 271747.96 416677.888
6500000 1218794892032 25093.81 62734530.63 357716.992 416808.96
6600000 1218794895685 25125.53 62813831.22 177121.56 416874.496
6700000 1218794898689 25217.83 63044582.87 276772.624 416940.032
6800000 1218794902201 25260.31 63150778.05 324680.608 417071.104
6900000 1218794905821 25291.68 63229197.59 375070.216 417136.64
7000000 1218794909088 25354.6 63386505.56 246969.368 417202.176
7100000 1218794912610 25392.87 63482185.65 307069.176 417202.176
7200000 1218794916255 25419.15 63547878.03 358474.392 417202.176
7300000 1218794919561 25474.86 63687154.74 156892.864 417005.568
7400000 1218794922862 25529.74 63824355.37 206187.224 416874.496
7500000 1218794926346 25567.43 63918566.04 274606.696 417005.568
7600000 1218794930018 25588.02 63970048.55 348352.536 416808.96
7700000 1218794933806 25598.23 63995585.14 148723.528 416284.672
7800000 1218794937187 25642.46 64106146.63 183108.208 416481.28
7900000 1218794940418 25698.24 64245610.15 245357.216 416415.744
8000000 1218794943599 25757.01 64392536.9 300971.584 416415.744
8100000 1218794947812 25729.97 64324921.86 316240.368 416350.208
8200000 1218794951449 25750.13 64375323.84 193811.512 416350.208
8300000 1218794954880 25786.33 64465819.14 209009.512 416415.744
8400000 1218794958266 25825.33 64563336.63 263915.576 416415.744
8500000 1218794961688 25860.71 64651762.79 292707.04 416481.28
8600000 1218794965378 25874.47 64686166.79 321724.216 416546.816
8700000 1218794968901 25900.8 64751992.43 143669.488 416415.744
8800000 1218794972889 25891.11 64727775.57 165365.2 416481.28
8900000 1218794976487 25911.03 64777587.25 234573.288 416743.424
9000000 1218794979985 25938.02 64845049.15 281404.088 416874.496
9100000 1218794983757 25944.18 64860457.36 345701.32 417005.568
9200000 1218794987312 25966.11 64915271.46 168986.528 416415.744
9300000 1218794990458 26017.33 65043334.25 259754.936 416677.888
9400000 1218794993893 26046.79 65116975.03 283678.672 416743.424
9500000 1218794997549 26059.88 65149707.17 297954.304 416874.496
9600000 1218795000924 26092.63 65231572.08 178978.56 417005.568
9700000 1218795004229 26129.71 65324264.26 261925.792 417071.104
9800000 1218795007711 26153.77 65384420.36 178363.512 417071.104
9900000 1218795010880 26199.07 65497676.49 200682.528 416612.352
10000000 1218795014496 26212.87 65532173.68 249611.768 416743.424

-- results:

172.17.6.13:39277:
num_msgs_expected=10000000, num_msgs_received=10000000 (loss rate=0.0%), received=25GB, time=381498ms, msgs/sec=26212.46, throughput=65.53MB

172.17.9.13:35799:
num_msgs_expected=10000000, num_msgs_received=10000000 (loss rate=0.0%), received=25GB, time=381409ms, msgs/sec=26218.57, throughput=65.55MB

172.17.7.13:33422:
num_msgs_expected=10000000, num_msgs_received=10000000 (loss rate=0.0%), received=25GB, time=381500ms, msgs/sec=26212.32, throughput=65.53MB

172.17.8.13:35593:
num_msgs_expected=10000000, num_msgs_received=10000000 (loss rate=0.0%), received=25GB, time=381485ms, msgs/sec=26213.35, throughput=65.53MB

172.17.4.13:44310:
num_msgs_expected=10000000, num_msgs_received=10000000 (loss rate=0.0%), received=25GB, time=381490ms, msgs/sec=26213.01, throughput=65.53MB

172.17.1.13:49933:
num_msgs_expected=10000000, num_msgs_received=10000000 (loss rate=0.0%), received=25GB, time=381499ms, msgs/sec=26212.39, throughput=65.53MB

172.17.0.13:51391 (myself):
num_msgs_expected=10000000, num_msgs_received=10000000 (loss rate=0.0%), received=25GB, time=381492ms, msgs/sec=26212.87, throughput=65.53MB

172.17.2.13:47449:
num_msgs_expected=10000000, num_msgs_received=10000000 (loss rate=0.0%), received=25GB, time=381492ms, msgs/sec=26212.87, throughput=65.53MB

172.17.5.13:41480:
num_msgs_expected=10000000, num_msgs_received=10000000 (loss rate=0.0%), received=25GB, time=381500ms, msgs/sec=26212.32, throughput=65.53MB

172.17.3.13:47287:
num_msgs_expected=10000000, num_msgs_received=10000000 (loss rate=0.0%), received=25GB, time=381499ms, msgs/sec=26212.39, throughput=65.53MB

combined: 26213.25 msgs/sec averaged over all receivers (throughput=65.53MB/sec)


-- results:

172.17.6.13:39277:
num_msgs_expected=10000000, num_msgs_received=10000000 (loss rate=0.0%), received=25GB, time=381498ms, msgs/sec=26212.46, throughput=65.53MB

172.17.9.13:35799:
num_msgs_expected=10000000, num_msgs_received=10000000 (loss rate=0.0%), received=25GB, time=381409ms, msgs/sec=26218.57, throughput=65.55MB

172.17.7.13:33422:
num_msgs_expected=10000000, num_msgs_received=10000000 (loss rate=0.0%), received=25GB, time=381500ms, msgs/sec=26212.32, throughput=65.53MB

172.17.8.13:35593:
num_msgs_expected=10000000, num_msgs_received=10000000 (loss rate=0.0%), received=25GB, time=381485ms, msgs/sec=26213.35, throughput=65.53MB

172.17.4.13:44310:
num_msgs_expected=10000000, num_msgs_received=10000000 (loss rate=0.0%), received=25GB, time=381490ms, msgs/sec=26213.01, throughput=65.53MB

172.17.1.13:49933:
num_msgs_expected=10000000, num_msgs_received=10000000 (loss rate=0.0%), received=25GB, time=381499ms, msgs/sec=26212.39, throughput=65.53MB

172.17.0.13:51391 (myself):
num_msgs_expected=10000000, num_msgs_received=10000000 (loss rate=0.0%), received=25GB, time=381492ms, msgs/sec=26212.87, throughput=65.53MB

172.17.2.13:47449:
num_msgs_expected=10000000, num_msgs_received=10000000 (loss rate=0.0%), received=25GB, time=381492ms, msgs/sec=26212.87, throughput=65.53MB

172.17.5.13:41480:
num_msgs_expected=10000000, num_msgs_received=10000000 (loss rate=0.0%), received=25GB, time=381500ms, msgs/sec=26212.32, throughput=65.53MB

172.17.3.13:47287:
num_msgs_expected=10000000, num_msgs_received=10000000 (loss rate=0.0%), received=25GB, time=381499ms, msgs/sec=26212.39, throughput=65.53MB

combined: 26213.25 msgs/sec averaged over all receivers (throughput=65.53MB/sec)

