

----------------------- TEST -----------------------
Date: Mon Aug 21 08:19:26 EDT 2006
Run by: bela

log_interval:	20000
msg_size:	1000
config:	./config_3_6_1000.txt
transport:	org.jgroups.tests.perf.transports.JGroupsTransport
num_senders:	3
sender:	false
props:	/home/bela/fc-fast-minimalthreads.xml
num_msgs:	333333
num_members:	6
JGroups version: 2.4CR1


##### msgs_received, current time (in ms), msgs/sec, throughput/sec [KB], free_mem [KB] , total_mem [KB] 
20000 1156162771021 5149.33 5149330.59 320672.08 499712.0
40000 1156162772025 8183.31 8183306.06 405229.824 499712.0
60000 1156162772322 11571.84 11571841.85 370302.432 499712.0
80000 1156162773716 12159.9 12159902.72 282184.36 499712.0
100000 1156162774458 13659.34 13659336.16 320881.624 499712.0
120000 1156162776348 13027.9 13027901.42 269488.296 499712.0
140000 1156162777239 13858.64 13858641.85 283144.264 483524.608
160000 1156162779907 12529.37 12529365.7 250679.296 458752.0
180000 1156162782058 12063.53 12063534.62 290946.104 458752.0
200000 1156162783898 11932.46 11932462.26 268730.832 458752.0
220000 1156162784773 12474.48 12474484.01 271976.592 458752.0
240000 1156162785865 12815.04 12815036.31 259969.68 458752.0
260000 1156162787089 13031.28 13031275.06 282703.848 458752.0
280000 1156162788154 13322.55 13322548.41 306790.456 458752.0
300000 1156162789170 13615.94 13615939.73 296997.112 458752.0
320000 1156162790570 13655.96 13655955.28 241219.448 458752.0
340000 1156162792073 13634.91 13634905.36 237096.288 461307.904
360000 1156162793258 13782.01 13782014.47 218592.952 461373.44
380000 1156162793751 14278.2 14278199.44 205271.72 464125.952
400000 1156162794498 14619.35 14619348.71 191329.48 463798.272
420000 1156162795464 14826.84 14826843.65 216146.648 466681.856
440000 1156162796708 14879.44 14879442.7 185228.832 468451.328
460000 1156162797647 15077.02 15077023.93 157323.408 417792.0
480000 1156162798501 15304.17 15304170.39 189125.44 468254.72
500000 1156162799046 15669.56 15669560.31 244290.304 470548.48
520000 1156162800328 15666.9 15666897.65 177847.728 453902.336
540000 1156162801660 15641.75 15641746.08 212286.408 467337.216
560000 1156162802789 15707.39 15707393.69 189550.568 466550.784
580000 1156162803686 15869.11 15869107.23 251995.224 468320.256
600000 1156162804342 16126.86 16126864.67 234450.56 474021.888
620000 1156162805036 16359.27 16359270.69 224631.696 471793.664
640000 1156162805859 16528.07 16528071.9 217570.352 478216.192
660000 1156162807294 16435.49 16435490.7 216512.872 476119.04
680000 1156162808253 16538.57 16538573.79 217545.248 482148.352
700000 1156162809706 16443.89 16443891.09 223860.248 480378.88
720000 1156162811129 16366.61 16366612.11 237405.072 486080.512
740000 1156162812674 16250.52 16250521.55 132395.016 453574.656
760000 1156162813407 16425.33 16425329.59 168629.312 443547.648
780000 1156162814688 16403.44 16403440.52 123719.072 443547.648
800000 1156162815994 16374.32 16374316.88 88560.928 463405.056
820000 1156162816955 16459.91 16459914.09 162066.056 458752.0
840000 1156162818262 16430.32 16430317.85 141880.664 463929.344
860000 1156162819756 16343.91 16343906.19 85734.568 467992.576
880000 1156162820351 16537 16537001.54 114487.288 466223.104
900000 1156162821415 16581.3 16581303.66 73001.296 444727.296
920000 1156162822268 16687.53 16687526.07 96065.04 464060.416
940000 1156162823289 16740.28 16740276.39 125278.112 465895.424
960000 1156162824257 16806.72 16806722.69 143313.648 466944.0
980000 1156162825115 16902.96 16902963.19 168623.976 472711.168

-- results:

10.68.24.33:34147:
num_msgs_expected=999999, num_msgs_received=999999 (loss rate=0.0%), received=1000MB, time=59329ms, msgs/sec=16855.15, throughput=16.86MB/sec

10.68.20.33:36592:
num_msgs_expected=999999, num_msgs_received=999999 (loss rate=0.0%), received=1000MB, time=59279ms, msgs/sec=16869.36, throughput=16.87MB/sec

10.68.4.33:54718:
num_msgs_expected=999999, num_msgs_received=999999 (loss rate=0.0%), received=1000MB, time=59241ms, msgs/sec=16880.18, throughput=16.88MB/sec

10.68.16.33:36334:
num_msgs_expected=999999, num_msgs_received=999999 (loss rate=0.0%), received=1000MB, time=59213ms, msgs/sec=16888.17, throughput=16.89MB/sec

10.68.28.33:40083 (myself):
num_msgs_expected=999999, num_msgs_received=999999 (loss rate=0.0%), received=1000MB, time=59270ms, msgs/sec=16871.93, throughput=16.87MB/sec

10.68.8.33:34632:
num_msgs_expected=999999, num_msgs_received=999999 (loss rate=0.0%), received=1000MB, time=59071ms, msgs/sec=16928.76, throughput=16.93MB/sec

combined: 16882.26 msgs/sec averaged over all receivers (throughput=16.88MB/sec)

