

----------------------- TEST -----------------------
Date: Mon Aug 21 10:17:36 EDT 2006
Run by: bela

log_interval:	20000
msg_size:	1000
config:	./config_6_6_1000.txt
transport:	org.jgroups.tests.perf.transports.JGroupsTransport
num_senders:	6
sender:	true
props:	/home/bela/fc-fast-minimalthreads.xml
num_msgs:	166666
num_members:	6
JGroups version: 2.4CR1


##### msgs_received, current time (in ms), msgs/sec, throughput/sec [KB], free_mem [KB] , total_mem [KB] 
20000 1156169865460 2576.32 2576323.59 383029.632 799539.2
40000 1156169866585 4500.45 4500450.05 427706.888 799539.2
60000 1156169867046 6417.8 6417798.7 344080.368 799539.2
80000 1156169867585 8090.61 8090614.89 239621.744 799539.2
100000 1156169868009 9697.44 9697439.88 393825.48 799539.2
120000 1156169868592 11014.23 11014226.71 286999.648 799539.2
140000 1156169871338 10263.18 10263177.19 497878.784 799014.912
160000 1156169872185 11043.62 11043622.31 379118.504 668991.488
180000 1156169872742 11964.11 11964107.68 431627.432 734003.2
200000 1156169875457 11261.26 11261261.26 359705.976 734003.2
220000 1156169876310 11819.7 11819695.91 349290.064 734003.2
240000 1156169877587 12066.37 12066365.01 385666.896 734003.2
260000 1156169880069 11621.67 11621669.94 310195.624 734003.2
280000 1156169882277 11391.38 11391375.1 237829.416 734003.2
300000 1156169884642 11133.79 11133791.06 480184.976 734003.2
320000 1156169886139 11250.97 11250966.88 409103.456 734003.2
340000 1156169886846 11664.21 11664208.03 375129.912 734003.2
360000 1156169887522 12070.41 12070410.73 347720.496 734003.2
380000 1156169889436 11972.65 11972651.94 266406.472 734003.2
400000 1156169891215 11933.89 11933886.27 169323.6 734003.2
420000 1156169892539 12054.42 12054417.08 515095.12 734003.2
440000 1156169893952 12136.26 12136257.07 426549.4 734003.2
460000 1156169894330 12556.98 12556984.14 459006.96 734003.2
480000 1156169896052 12514.67 12514665.62 323066.504 734003.2
500000 1156169897209 12654.38 12654383.48 253973.752 734003.2
520000 1156169900069 12272.26 12272255.26 441723.272 734003.2
540000 1156169900445 12632.17 12632169.93 360876.64 734003.2
560000 1156169901185 12877.12 12877115.53 317627.544 736952.32
580000 1156169901732 13171.34 13171340.98 303355.288 734396.416
600000 1156169902188 13485.87 13485873.55 310633.008 737935.36
620000 1156169903556 13519.7 13519701.69 228364.472 742719.488
640000 1156169906723 13054.3 13054297.72 379180.6 713687.04
660000 1156169907509 13249.82 13249819.32 348231.648 736493.568
680000 1156169908079 13496.88 13496883.81 304531.208 734003.2
700000 1156169908278 13839.19 13839188.63 262039.344 734003.2
720000 1156169909127 13999.61 13999611.12 225313.144 742326.272
740000 1156169912354 13538.98 13538979.45 402654.392 739704.832
760000 1156169913459 13629.35 13629353.32 331306.352 742391.808
780000 1156169914130 13821.7 13821700.07 306941.696 739770.368
800000 1156169914637 14049.88 14049877.06 292056.064 744030.208
820000 1156169915147 14273.28 14273281.11 296621.6 741605.376
840000 1156169916012 14404.53 14404527.14 229344.872 749010.944
860000 1156169917917 14280.97 14280969.78 489260.768 741933.056
880000 1156169919902 14146.77 14146772.77 407049.88 744882.176
900000 1156169920109 14420.3 14420303.79 364621.392 744882.176
920000 1156169920583 14629.65 14629647.3 435669.76 746848.256
940000 1156169922160 14582.01 14582008.28 397521.296 748552.192
960000 1156169922649 14780.15 14780145.34 308169.528 748552.192
980000 1156169923262 14947 14946999.16 389500.368 742653.952

-- results:

10.68.24.33:34158:
num_msgs_expected=999996, num_msgs_received=999996 (loss rate=0.0%), received=1000MB, time=66503ms, msgs/sec=15036.86, throughput=15.04MB/sec

10.68.4.33:54729:
num_msgs_expected=999996, num_msgs_received=999996 (loss rate=0.0%), received=1000MB, time=66504ms, msgs/sec=15036.63, throughput=15.04MB/sec

10.68.8.33:34643:
num_msgs_expected=999996, num_msgs_received=999996 (loss rate=0.0%), received=1000MB, time=66506ms, msgs/sec=15036.18, throughput=15.04MB/sec

10.68.28.33:40094 (myself):
num_msgs_expected=999996, num_msgs_received=999996 (loss rate=0.0%), received=1000MB, time=66483ms, msgs/sec=15041.38, throughput=15.04MB/sec

10.68.20.33:36604:
num_msgs_expected=999996, num_msgs_received=999996 (loss rate=0.0%), received=1000MB, time=66500ms, msgs/sec=15037.53, throughput=15.04MB/sec

10.68.16.33:36346:
num_msgs_expected=999996, num_msgs_received=999996 (loss rate=0.0%), received=1000MB, time=66505ms, msgs/sec=15036.4, throughput=15.04MB/sec

combined: 15037.5 msgs/sec averaged over all receivers (throughput=15.04MB/sec)

