

----------------------- TEST -----------------------
Date: Mon Aug 21 08:13:49 EDT 2006
Run by: bela

log_interval:	20000
msg_size:	1000
config:	./config_1_6_1000.txt
transport:	org.jgroups.tests.perf.transports.JGroupsTransport
num_senders:	1
sender:	false
props:	/home/bela/fc-fast-minimalthreads.xml
num_msgs:	1000000
num_members:	6
JGroups version: 2.4CR1


##### msgs_received, current time (in ms), msgs/sec, throughput/sec [KB], free_mem [KB] , total_mem [KB] 
20000 1156162433473 7974.48 7974481.66 386224.24 499712.0
40000 1156162434559 11129.66 11129660.55 424087.624 499712.0
60000 1156162435607 12925.46 12925463.16 466842.84 499712.0
80000 1156162436661 14044.94 14044943.82 362459.432 499712.0
100000 1156162437672 14909.8 14909795.74 405161.128 499712.0
120000 1156162438454 16023.5 16023501.13 447829.384 499712.0
140000 1156162439169 17064.85 17064846.42 490486.36 499712.0
160000 1156162440007 17695.2 17695200.18 386504.4 499712.0
180000 1156162440912 18095.91 18095908.31 448520.08 519045.12
200000 1156162441623 18765.25 18765246.76 344044.328 519045.12
220000 1156162442410 19222.37 19222367.85 423611.08 519045.12
240000 1156162443446 19229.23 19229228.43 481238.448 519045.12
260000 1156162443960 20007.7 20007695.27 398876.16 519045.12
280000 1156162444773 20278.1 20278099.65 480119.064 519045.12
300000 1156162445547 20573.31 20573309.56 375976.712 519045.12
320000 1156162446338 20815.72 20815715.87 457051.416 519045.12
340000 1156162447154 21001.91 21001914.88 352972.368 519045.12
360000 1156162447906 21250.22 21250221.36 433554.584 519045.12
380000 1156162448682 21448.33 21448326.47 329023.0 519045.12
400000 1156162449486 21597.11 21597105.99 410287.84 519045.12
420000 1156162450290 21733.51 21733505.82 491849.6 519045.12
440000 1156162451129 21821.07 21821067.25 387779.248 519045.12
460000 1156162452144 21719.63 21719627.93 468742.928 519045.12
480000 1156162452996 21787.48 21787481.28 364645.376 519045.12
500000 1156162453792 21903.89 21903885.75 445995.6 517996.544
520000 1156162454582 22018.04 22018037.85 341900.84 517996.544
540000 1156162455319 22172.95 22172949 423776.84 518586.368
560000 1156162456125 22257.55 22257551.67 503762.584 516292.608
580000 1156162456931 22336.9 22336902.1 398866.408 516292.608
600000 1156162457736 22412.31 22412311.83 480508.488 518324.224
620000 1156162458517 22502.9 22502903.6 376436.432 518324.224
640000 1156162459311 22578.14 22578141.54 456413.96 518389.76
660000 1156162460126 22632.97 22632968.69 352443.96 518389.76
680000 1156162460922 22699.2 22699202.19 432178.192 518455.296
700000 1156162461641 22819.14 22819142 512692.168 518389.76
720000 1156162462434 22879.66 22879659.35 408034.184 518389.76
740000 1156162463223 22940.05 22940045.88 488396.168 518520.832
760000 1156162464024 22989.2 22989201.13 384060.592 518520.832
780000 1156162464799 23053.73 23053732.93 464104.648 518455.296
800000 1156162465590 23104.69 23104693.14 359964.184 518455.296
820000 1156162466386 23150.11 23150108.69 440129.176 518586.368
840000 1156162467181 23194.17 23194168.32 336049.808 518586.368
860000 1156162467947 23254.56 23254556.27 416367.432 518586.368
880000 1156162468732 23300.77 23300765.22 497057.648 518717.44
900000 1156162469530 23337.22 23337222.87 392780.672 518717.44
920000 1156162470300 23388.84 23388839.46 474328.992 518651.904
940000 1156162471113 23413.37 23413370.53 369993.6 518651.904
960000 1156162471911 23445.51 23445513.6 449699.944 518717.44
980000 1156162472731 23464.06 23464061.68 345359.072 518717.44
1000000 1156162473549 23483 23482998.31 425716.784 518651.904

-- results:

10.68.28.33:40077 (myself):
num_msgs_expected=1000000, num_msgs_received=1000000 (loss rate=0.0%), received=1000MB, time=42584ms, msgs/sec=23483, throughput=23.48MB/sec

10.68.8.33:34626:
num_msgs_expected=1000000, num_msgs_received=1000000 (loss rate=0.0%), received=1000MB, time=42608ms, msgs/sec=23469.77, throughput=23.47MB/sec

10.68.24.33:34141:
num_msgs_expected=1000000, num_msgs_received=1000000 (loss rate=0.0%), received=1000MB, time=42607ms, msgs/sec=23470.32, throughput=23.47MB/sec

10.68.20.33:36585:
num_msgs_expected=1000000, num_msgs_received=1000000 (loss rate=0.0%), received=1000MB, time=42607ms, msgs/sec=23470.32, throughput=23.47MB/sec

10.68.4.33:54712:
num_msgs_expected=1000000, num_msgs_received=1000000 (loss rate=0.0%), received=1000MB, time=42608ms, msgs/sec=23469.77, throughput=23.47MB/sec

10.68.16.33:36328:
num_msgs_expected=1000000, num_msgs_received=1000000 (loss rate=0.0%), received=1000MB, time=42609ms, msgs/sec=23469.22, throughput=23.47MB/sec

combined: 23472.07 msgs/sec averaged over all receivers (throughput=23.47MB/sec)

