

----------------------- TEST -----------------------
Date: Tue Jun 19 08:54:18 EDT 2007
Run by: bela

log_interval:	50000
msg_size:	5000
config:	/home/bela/config.txt
transport:	org.jgroups.tests.perf.transports.JGroupsTransport
num_senders:	8
sender:	true
props:	./sfc.xml
dump_transport_stats:	false
num_msgs:	1000000
processing_delay:	0
num_members:	8
jmx:	false
JGroups version: 2.5.0 CR1


##### msgs_received, current time (in ms), msgs/sec, throughput/sec [KB], free_mem [KB] , total_mem [KB] 
50000 1182257686680 1809.17 9045844.34 191007.536 388562.944
100000 1182257693602 2893.6 14468011.23 353048.016 388825.088
150000 1182257702455 3455.27 17276329.13 190767.656 396427.264
200000 1182257710647 3875.67 19378342.76 310650.16 395968.512
250000 1182257719443 4139.07 20695364.24 81106.784 397869.056
300000 1182257730660 4188.95 20944747.76 227896.448 397737.984
350000 1182257739212 4365.78 21828886.48 300447.456 397541.376
400000 1182257746890 4553.37 22766856.01 161386.256 396034.048
450000 1182257755482 4666.16 23330810.15 66618.168 378011.648
500000 1182257766178 4667.01 23335044.57 186804.152 392757.248
550000 1182257774425 4766.77 23833873.57 211069.96 389939.2
600000 1182257782597 4856.18 24280881.23 53897.048 392560.64
650000 1182257792632 4865.67 24328350.39 81613.12 386596.864
700000 1182257802368 4884 24420024.42 212280.696 390725.632
750000 1182257812447 4889.05 24445255.66 125867.768 393740.288
800000 1182257819904 4973.24 24866188.82 51680.304 387383.296
850000 1182257831905 4917.22 24586086.01 249815.416 390266.88
900000 1182257840048 4972.24 24861191.68 264642.736 392429.568
950000 1182257850884 4952.02 24760087.78 74233.8 392626.176
1000000 1182257858785 5006.46 25032291.66 127910.776 392953.856
1050000 1182257869037 5000.14 25000714.31 136702.912 388104.192
1100000 1182257879880 4981.05 24905246.86 277512.408 384696.32
1150000 1182257887638 5030.73 25153656.03 228638.352 388890.624
1200000 1182257896455 5054.5 25272522.03 56266.376 388694.016
1250000 1182257903063 5122.53 25612654.7 223592.392 392101.888
1300000 1182257912668 5125.68 25628388.37 210073.216 392888.32
1350000 1182257923284 5108.97 25544862.46 75812.392 392298.496
1400000 1182257931593 5136.67 25683360.85 130097.704 392364.032
1450000 1182257940384 5153.89 25769439.93 293857.6 390856.704
1500000 1182257949002 5173.15 25865725.84 146779.96 387579.904
1550000 1182257957386 5195.36 25976811.92 271470.264 386400.256
1600000 1182257964586 5236.58 26182894.06 254283.888 389283.84
1650000 1182257974604 5228.78 26143915.12 308642.968 392757.248
1700000 1182257981717 5268.48 26342376.52 159831.048 389742.592
1750000 1182257991878 5257.86 26289302.51 248739.528 385089.536
1800000 1182258001760 5252.15 26260734.08 93329.784 390594.56
1850000 1182258009108 5284.73 26423664.18 157225.6 388104.192
1900000 1182258019447 5271.86 26359307.89 179892.064 390332.416
1950000 1182258031912 5229.72 26148593.74 148290.832 393412.608
2000000 1182258040102 5248.53 26242655.34 279143.224 386138.112
2050000 1182258048711 5260.89 26304443.78 157295.52 385810.432
2100000 1182258058494 5257.22 26286077.64 177094.984 385024.0
2150000 1182258065592 5288.42 26442077.09 290833.424 388038.656
2200000 1182258076716 5267.28 26336392.35 186518.056 388825.088
2250000 1182258091215 5206.26 26031302.35 81644.24 385155.072
2300000 1182258103100 5179.52 25897576.21 134722.648 393281.536
2350000 1182258111801 5190.41 25952053.86 85750.272 396361.728
2400000 1182258120921 5196.18 25980886.73 116751.176 393084.928
2450000 1182258128754 5215.97 26079866.13 155874.216 392232.96
2500000 1182258138212 5217.37 26086829.49 110190.824 393412.608
2550000 1182258148359 5211.36 26056781.3 264139.648 397541.376
2600000 1182258157569 5215.37 26076874.63 23785.344 392953.856
2650000 1182258165606 5231.33 26156667.58 248780.408 391315.456
2700000 1182258174952 5233.48 26167405.49 301106.12 388759.552
2750000 1182258183701 5241.51 26207548.54 175337.92 392560.64
2800000 1182258192142 5252.31 26261538.66 147463.912 393805.824
2850000 1182258201434 5254.51 26272559.83 231536.32 395378.688
2900000 1182258210922 5254.78 26273875.25 140190.976 396623.872
2950000 1182258218121 5276.54 26382722.98 101690.92 396951.552
3000000 1182258227713 5275.47 26377336.59 312076.016 386334.72
3050000 1182258237514 5272.52 26362600.72 120760.544 388431.872
3100000 1182258246477 5277.19 26385942.93 163573.784 386007.04
3150000 1182258255141 5284.37 26421829.97 229703.672 384761.856
3200000 1182258264358 5286.5 26432518.61 256652.248 389808.128
3250000 1182258274190 5283.29 26416450.05 131770.12 392822.784
3300000 1182258284039 5280.03 26400168.96 169480.992 390266.88
3350000 1182258293654 5278.82 26394121.75 161681.496 393216.0
3400000 1182258302457 5284.31 26421557.5 241265.96 385744.896
3450000 1182258310825 5293.18 26465904.24 266892.704 387973.12
3500000 1182258321749 5281.38 26406883.29 216518.768 387055.616
3550000 1182258330474 5287.21 26436074.59 272402.72 390004.736
3600000 1182258337644 5305.03 26525159.85 132508.464 388366.336
3650000 1182258346180 5311.9 26559477.95 149359.304 389939.2
3700000 1182258355006 5316.37 26581872.89 194074.2 395968.512
3750000 1182258363593 5322.55 26612731.53 129098.32 397279.232
3800000 1182258371721 5332 26660006.34 288158.336 379715.584
3850000 1182258379539 5343.54 26717705.58 194777.792 396558.336
3900000 1182258387486 5353.88 26769424.65 117772.984 397606.912
3950000 1182258397661 5347.83 26739126.31 81696.112 397934.592
4000000 1182258405924 5355.61 26778027.56 133645.376 398196.736
4050000 1182258415805 5351.75 26758743.17 340190.672 397017.088
4100000 1182258424067 5359.31 26796544.94 137955.528 396427.264
4150000 1182258431948 5369.35 26846766.42 311425.6 398524.416
4200000 1182258440199 5376.65 26883234.59 99622.36 398721.024
4250000 1182258449559 5376.24 26881176.35 186938.96 399114.24
4300000 1182258459125 5374.45 26872245.59 294707.72 397737.984
4350000 1182258467897 5377.98 26889896.08 248166.224 392036.352
4400000 1182258476856 5380.2 26901015.27 255931.328 394919.936
4450000 1182258484554 5390.6 26953002.44 183184.624 371064.832
4500000 1182258492424 5399.69 26998455.69 50336.568 389611.52
4550000 1182258502235 5396.16 26980806.27 202555.744 388431.872
4600000 1182258511392 5396.85 26984251.76 118980.152 388366.336
4650000 1182258520434 5398.25 26991226.98 158577.112 386072.576
4700000 1182258528777 5403.95 27019755.47 231985.92 387579.904
4750000 1182258538805 5399.19 26995937.54 275268.744 388956.16
4800000 1182258548049 5399.29 26996443.22 224491.952 394264.576
4850000 1182258556079 5406.69 27033474.69 164978.72 384696.32
4900000 1182258563716 5416.32 27081608.49 222939.48 388694.016
4950000 1182258573897 5410.7 27053497.06 353591.136 391118.848
5000000 1182258582654 5413.53 27067672.43 125809.048 391446.528
5050000 1182258592113 5412.24 27061206.55 175169.48 392232.96
5100000 1182258602360 5406.45 27032270.17 128977.504 391118.848
5150000 1182258612205 5403.07 27015344.72 295749.568 394723.328
5200000 1182258620419 5408.91 27044569.45 261590.824 397606.912
5250000 1182258628660 5414.51 27072545.14 149546.456 395509.76
5300000 1182258637679 5415.7 27078505.18 316339.944 391118.848
5350000 1182258648369 5407.72 27038610.12 216063.632 389808.128
5400000 1182258656615 5413.14 27065715.56 115636.736 394657.792
5450000 1182258665224 5416.52 27082602.43 236092.008 395313.152
5500000 1182258675831 5409.19 27045952.55 54037.992 395968.512
5550000 1182258683759 5416.13 27080674.06 146684.952 392429.568
5600000 1182258692074 5420.94 27104704.51 249304.24 398327.808
5650000 1182258701393 5420.44 27102220.94 189599.4 395313.152
5700000 1182258709400 5426.73 27133631.71 107727.376 396230.656
5750000 1182258717549 5432.18 27160923.04 228716.712 395706.368
5800000 1182258725749 5437.3 27186497.5 147323.072 391380.992
5850000 1182258736533 5429.28 27146423.63 227288.0 395444.224
5900000 1182258744870 5433.65 27168232.14 109183.008 396492.8
5950000 1182258754593 5431.06 27155310.12 332976.36 393347.072
6000000 1182258761584 5441.97 27209872.47 166226.752 383909.888
6050000 1182258769803 5446.72 27233605.82 319703.76 396099.584
6100000 1182258777805 5452.46 27262277.41 224351.496 396951.552
6150000 1182258785508 5459.56 27297785.55 317280.624 398589.952
6200000 1182258794003 5462.75 27313737.93 202073.192 380370.944
6250000 1182258804879 5454.53 27272663.8 179431.184 395313.152
6300000 1182258814737 5451.27 27256349.86 299543.144 397606.912
6350000 1182258824713 5447.51 27237554.37 126943.496 399048.704
6400000 1182258834347 5445.4 27226998.29 217760.52 400687.104
6450000 1182258844501 5440.94 27204675.32 116946.096 390201.344
6500000 1182258853263 5442.88 27214416.1 316093.64 396886.016
6550000 1182258863601 5437.68 27188396.08 90834.856 392822.784
6600000 1182258873686 5433.7 27168476.66 260812.176 391184.384
6650000 1182258884080 5428.41 27142037.34 236012.616 391184.384
6700000 1182258894195 5424.43 27122167.96 90564.88 394199.04
6750000 1182258901764 5431.63 27158147.32 96101.344 390856.704
6800000 1182258911033 5431.35 27156766.43 103712.904 390135.808
6850000 1182258920365 5430.81 27154049.48 112693.336 393740.288
6900000 1182258929770 5429.96 27149812.67 247092.76 394002.432
6950000 1182258940792 5422.28 27111392.32 285244.288 395509.76
7000000 1182258950959 5418.31 27091544.65 179795.512 390987.776
7050000 1182258959107 5422.81 27114049.77 296772.064 398917.632
7100000 1182258969652 5417.33 27086644.45 199051.656 399966.208
7150000 1182258979838 5413.41 27067031.6 120361.728 394657.792
7200000 1182258988591 5415.37 27076871.24 117061.96 389677.056
7250000 1182258996092 5422.39 27111945.79 117255.136 387842.048
7300000 1182259003666 5429.03 27145155.18 209764.208 393871.36
7350000 1182259011617 5434.08 27170417.29 340625.176 388890.624
7400000 1182259018151 5444.75 27223737.92 210194.848 390594.56
7450000 1182259026558 5447.84 27239189.33 205350.136 396492.8
7500000 1182259037373 5441.37 27206837.26 87478.296 398458.88
7550000 1182259046258 5442.56 27212796.86 109908.632 398917.632
7600000 1182259054575 5445.95 27229758.97 151718.472 402325.504
7650000 1182259062574 5450.54 27252693.39 149331.936 394264.576
7700000 1182259070525 5455.26 27276295.41 124645.592 401080.32
7750000 1182259077881 5462.22 27311081.32 278366.184 400949.248
7800000 1182259086932 5462.61 27313047.44 97870.536 388562.944
7850000 1182259093714 5471.64 27358188.74 292240.944 394067.968
7900000 1182259100002 5482.46 27412299.73 266245.84 395182.08
7950000 1182259105666 5495.56 27477787.92 244763.016 396034.048
8000000 1182259111201 5509.04 27545212.02 226890.136 397213.696

-- results:

10.68.16.33:35046:
num_msgs_expected=8000000, num_msgs_received=8000000 (loss rate=0.0%), received=40GB, time=1452225ms, msgs/sec=5508.79, throughput=27.54MB

10.68.20.33:34232:
num_msgs_expected=8000000, num_msgs_received=8000000 (loss rate=0.0%), received=40GB, time=1452226ms, msgs/sec=5508.78, throughput=27.54MB

10.68.0.33:52481:
num_msgs_expected=8000000, num_msgs_received=8000000 (loss rate=0.0%), received=40GB, time=1452224ms, msgs/sec=5508.79, throughput=27.54MB

10.68.4.33:37833:
num_msgs_expected=8000000, num_msgs_received=8000000 (loss rate=0.0%), received=40GB, time=1452225ms, msgs/sec=5508.79, throughput=27.54MB

10.68.12.33:35915:
num_msgs_expected=8000000, num_msgs_received=8000000 (loss rate=0.0%), received=40GB, time=1452223ms, msgs/sec=5508.8, throughput=27.54MB

10.68.8.33:36016:
num_msgs_expected=8000000, num_msgs_received=8000000 (loss rate=0.0%), received=40GB, time=1452223ms, msgs/sec=5508.8, throughput=27.54MB

10.68.28.33:51194 (myself):
num_msgs_expected=8000000, num_msgs_received=8000000 (loss rate=0.0%), received=40GB, time=1452157ms, msgs/sec=5509.05, throughput=27.55MB

10.68.24.33:33790:
num_msgs_expected=8000000, num_msgs_received=8000000 (loss rate=0.0%), received=40GB, time=1452222ms, msgs/sec=5508.8, throughput=27.54MB

combined: 5508.82 msgs/sec averaged over all receivers (throughput=27.54MB/sec)


-- results:

10.68.16.33:35046:
num_msgs_expected=8000000, num_msgs_received=8000000 (loss rate=0.0%), received=40GB, time=1452225ms, msgs/sec=5508.79, throughput=27.54MB

10.68.20.33:34232:
num_msgs_expected=8000000, num_msgs_received=8000000 (loss rate=0.0%), received=40GB, time=1452226ms, msgs/sec=5508.78, throughput=27.54MB

10.68.0.33:52481:
num_msgs_expected=8000000, num_msgs_received=8000000 (loss rate=0.0%), received=40GB, time=1452224ms, msgs/sec=5508.79, throughput=27.54MB

10.68.4.33:37833:
num_msgs_expected=8000000, num_msgs_received=8000000 (loss rate=0.0%), received=40GB, time=1452225ms, msgs/sec=5508.79, throughput=27.54MB

10.68.12.33:35915:
num_msgs_expected=8000000, num_msgs_received=8000000 (loss rate=0.0%), received=40GB, time=1452223ms, msgs/sec=5508.8, throughput=27.54MB

10.68.8.33:36016:
num_msgs_expected=8000000, num_msgs_received=8000000 (loss rate=0.0%), received=40GB, time=1452223ms, msgs/sec=5508.8, throughput=27.54MB

10.68.28.33:51194 (myself):
num_msgs_expected=8000000, num_msgs_received=8000000 (loss rate=0.0%), received=40GB, time=1452157ms, msgs/sec=5509.05, throughput=27.55MB

10.68.24.33:33790:
num_msgs_expected=8000000, num_msgs_received=8000000 (loss rate=0.0%), received=40GB, time=1452222ms, msgs/sec=5508.8, throughput=27.54MB

combined: 5508.82 msgs/sec averaged over all receivers (throughput=27.54MB/sec)


-- results:

10.68.16.33:35046:
num_msgs_expected=8000000, num_msgs_received=8000000 (loss rate=0.0%), received=40GB, time=1452225ms, msgs/sec=5508.79, throughput=27.54MB

10.68.20.33:34232:
num_msgs_expected=8000000, num_msgs_received=8000000 (loss rate=0.0%), received=40GB, time=1452226ms, msgs/sec=5508.78, throughput=27.54MB

10.68.0.33:52481:
num_msgs_expected=8000000, num_msgs_received=8000000 (loss rate=0.0%), received=40GB, time=1452224ms, msgs/sec=5508.79, throughput=27.54MB

10.68.4.33:37833:
num_msgs_expected=8000000, num_msgs_received=8000000 (loss rate=0.0%), received=40GB, time=1452225ms, msgs/sec=5508.79, throughput=27.54MB

10.68.12.33:35915:
num_msgs_expected=8000000, num_msgs_received=8000000 (loss rate=0.0%), received=40GB, time=1452223ms, msgs/sec=5508.8, throughput=27.54MB

10.68.8.33:36016:
num_msgs_expected=8000000, num_msgs_received=8000000 (loss rate=0.0%), received=40GB, time=1452223ms, msgs/sec=5508.8, throughput=27.54MB

10.68.28.33:51194 (myself):
num_msgs_expected=8000000, num_msgs_received=8000000 (loss rate=0.0%), received=40GB, time=1452157ms, msgs/sec=5509.05, throughput=27.55MB

10.68.24.33:33790:
num_msgs_expected=8000000, num_msgs_received=8000000 (loss rate=0.0%), received=40GB, time=1452222ms, msgs/sec=5508.8, throughput=27.54MB

combined: 5508.82 msgs/sec averaged over all receivers (throughput=27.54MB/sec)

