

----------------------- TEST -----------------------
Date: Fri Aug 18 06:47:12 EDT 2006
Run by: bela

log_interval:	5000
msg_size:	1000
config:	./config_4_4_1000.txt
transport:	org.jgroups.tests.perf.transports.JGroupsTransport
num_senders:	4
sender:	true
gnuplot_output:	true
props:	/home/bela/tcp_nio.xml
num_msgs:	250000
num_members:	4
JGroups version: 2.4CR1


##### msgs_received, current time (in ms), msgs/sec, throughput/sec [KB], free_mem [KB] , total_mem [KB] 
5000 1155898035334 7473.84 7473841.55 448036.312 499712.0
10000 1155898035556 11223.34 11223344.56 430195.056 499712.0
15000 1155898035848 12679.63 12679628.06 401832.456 499712.0
20000 1155898036023 14727.54 14727540.5 382482.456 499712.0
25000 1155898036181 16490.77 16490765.17 365396.336 499712.0
30000 1155898036412 17172.3 17172295.36 470171.608 499712.0
35000 1155898036527 18796.99 18796992.48 452518.6 499712.0
40000 1155898036668 19970.04 19970044.93 431401.92 499712.0
45000 1155898036806 21018.22 21018215.79 404522.28 499712.0
50000 1155898036922 22153.3 22153300.84 389270.192 499712.0
55000 1155898037062 22945.35 22945348.35 363476.96 499712.0
60000 1155898037173 23923.44 23923444.98 344869.208 499712.0
65000 1155898037402 23748.63 23748629.89 472690.096 499712.0
70000 1155898037544 24314 24313997.92 449179.12 499712.0
75000 1155898037675 24916.94 24916943.52 433911.256 499712.0
80000 1155898037840 25196.85 25196850.39 414898.856 499712.0
85000 1155898037986 25594.7 25594700.39 393640.136 499712.0
90000 1155898038122 26034.13 26034133.64 375222.32 499712.0
95000 1155898038220 26722.93 26722925.46 357000.56 499712.0
100000 1155898038367 27012.43 27012425.72 481811.784 499712.0
105000 1155898038497 27400.84 27400835.07 450999.776 499712.0
110000 1155898038604 27925.87 27925869.51 427445.632 499712.0
115000 1155898038698 28514.75 28514753.29 403845.448 499712.0
120000 1155898038831 28804.61 28804608.74 370399.024 499712.0
125000 1155898038919 29384.11 29384109.07 355300.384 499712.0
130000 1155898039044 29687.14 29687143.18 479327.384 499712.0
135000 1155898039168 29980.01 29980013.32 447185.784 499712.0
140000 1155898039243 30581.04 30581039.76 434432.608 499712.0
145000 1155898039350 30949.84 30949839.91 405522.472 499712.0
150000 1155898039410 31612.22 31612223.39 388165.512 499712.0
155000 1155898039550 31729.79 31729785.06 354540.704 499712.0
160000 1155898039651 32089.85 32089851.58 472776.608 499712.0
165000 1155898039745 32480.31 32480314.96 441232.336 499712.0
170000 1155898039874 32635.82 32635822.61 417461.536 499712.0
175000 1155898039967 33006.41 33006412.67 397127.44 499712.0
180000 1155898040071 33296.34 33296337.4 366169.544 499712.0
185000 1155898040230 33243.49 33243486.07 484426.032 510459.904
190000 1155898040299 33723.82 33723819.67 469417.776 510459.904
195000 1155898040397 34019.54 34019539.43 442755.848 510459.904
200000 1155898040485 34364.26 34364261.17 426918.592 510459.904
205000 1155898040567 34733.99 34733988.48 408265.328 510459.904
210000 1155898040681 34906.91 34906914.89 371469.208 510459.904
215000 1155898040736 35414.26 35414264.54 360081.56 510459.904
220000 1155898040882 35386.84 35386842.53 496340.424 511639.552
225000 1155898041022 35394.05 35394053.8 483756.456 511639.552
230000 1155898041144 35499.31 35499305.45 453876.176 511639.552
235000 1155898041228 35806.8 35806795.67 430330.424 511639.552
240000 1155898041314 36095.65 36095653.48 405861.248 511639.552
245000 1155898041452 36098.42 36098423.46 364836.8 511639.552
250000 1155898041481 36678.4 36678403.76 358976.952 511639.552
255000 1155898041623 36648.46 36648462.2 495914.872 512229.376
260000 1155898041694 36989.61 36989614.45 477653.208 512229.376
265000 1155898041781 37240.02 37240022.48 447839.984 512229.376
270000 1155898041898 37328.91 37328909.17 417764.232 512229.376
275000 1155898042024 37369.21 37369207.77 386102.744 512229.376
280000 1155898042077 37776.58 37776578.52 371552.784 512229.376
285000 1155898042200 37823.49 37823490.38 339920.264 512229.376
290000 1155898042319 37888.69 37888685.65 478471.904 511574.016
295000 1155898042436 37961.65 37961652.3 454090.824 511574.016
300000 1155898042574 37931.47 37931470.48 417230.408 511574.016
305000 1155898042646 38215.76 38215762.44 402136.064 511574.016
310000 1155898042761 38290.51 38290513.83 369680.6 511574.016
315000 1155898042824 38607.67 38607672.51 356162.6 511574.016
320000 1155898042961 38572.81 38572806.17 496725.112 511705.088
325000 1155898043020 38898.86 38898862.96 481923.024 511705.088
330000 1155898043110 39076.38 39076376.55 449353.112 511705.088
335000 1155898043204 39231.76 39231760.16 422465.408 511705.088
340000 1155898043264 39539.48 39539481.34 406264.224 511705.088
345000 1155898043352 39714.52 39714515.94 377526.664 511705.088
350000 1155898043438 39895.13 39895132.79 351731.416 511705.088
355000 1155898043584 39802.67 39802668.46 489779.384 511574.016
360000 1155898043684 39915.73 39915733.45 462059.904 511574.016
365000 1155898043768 40096.67 40096671.43 440826.224 511574.016
370000 1155898043867 40208.65 40208650.29 412175.192 511574.016
375000 1155898043992 40205.85 40205853.97 377476.952 511574.016
380000 1155898044044 40516.05 40516046.49 366981.008 511574.016
385000 1155898044162 40539.12 40539117.62 333054.296 511574.016
390000 1155898044229 40777.92 40777917.19 486910.76 511901.696
395000 1155898044318 40919.92 40919921.27 469540.504 511901.696
400000 1155898044460 40837.16 40837161.82 428130.648 511901.696
405000 1155898044508 41145.99 41145992.08 417111.992 511901.696
410000 1155898044618 41193.61 41193609.97 382603.936 511901.696
415000 1155898044677 41450.26 41450259.69 370140.64 511901.696
420000 1155898044785 41501.98 41501976.28 338750.952 511901.696
425000 1155898044854 41711.65 41711649.82 487298.152 503382.016
430000 1155898044938 41857.3 41857295.82 470065.192 503382.016
435000 1155898045053 41875.24 41875240.66 431953.44 503382.016
440000 1155898045102 42157.71 42157708.15 421555.784 503382.016
445000 1155898045189 42284.3 42284302.55 403794.624 503382.016
450000 1155898045341 42150.62 42150618.21 360344.608 503382.016
455000 1155898045403 42372.88 42372881.36 347600.72 503382.016
460000 1155898045482 42525.65 42525654.06 327687.4 503382.016
465000 1155898045586 42578.52 42578518.45 475879.136 511770.624
470000 1155898045716 42530.09 42530087.77 439289.248 511770.624
475000 1155898045747 42862.3 42862299.22 430972.68 511770.624
480000 1155898045853 42903.11 42903110.48 400710.864 511770.624
485000 1155898045948 42985.02 42985021.71 370436.016 511770.624
490000 1155898046033 43103.45 43103448.28 344635.832 511770.624
495000 1155898046174 43009.82 43009818.4 474878.496 511442.944
500000 1155898046241 43192.81 43192812.72 458742.712 511442.944
505000 1155898046332 43284.48 43284477.59 435383.336 511442.944
510000 1155898046417 43396.87 43396868.62 410511.432 511442.944
515000 1155898046512 43470.92 43470920.91 383750.392 511442.944
520000 1155898046595 43587.59 43587594.3 365568.864 511442.944
525000 1155898046692 43651.78 43651783.49 330605.24 511442.944
530000 1155898046771 43779.94 43779943.83 484420.528 511049.728
535000 1155898046901 43723.44 43723439.03 448867.752 511049.728
540000 1155898046955 43938.16 43938161.11 432743.712 511049.728
545000 1155898047064 43955.16 43955157.67 398425.632 511049.728
550000 1155898047114 44180.26 44180255.44 388189.88 511049.728
555000 1155898047217 44216.06 44216061.19 356966.088 511049.728
560000 1155898047273 44416.24 44416243.65 338505.392 511049.728
565000 1155898047331 44607.61 44607610.93 491925.04 503709.696
570000 1155898047435 44635.87 44635865.31 457968.816 503709.696
575000 1155898047500 44799.38 44799376.7 439707.504 503709.696
580000 1155898047600 44839.58 44839582.53 410154.216 503709.696
585000 1155898047689 44917.08 44917076.17 382069.272 503709.696
590000 1155898047764 45041.61 45041606.23 363231.28 503709.696
595000 1155898047874 45045.05 45045045.05 333072.224 503709.696
600000 1155898047952 45156.92 45156920.3 490702.184 511574.016
605000 1155898048080 45098.77 45098770.03 457410.24 511574.016
610000 1155898048171 45165.11 45165111.8 433634.392 511574.016
615000 1155898048292 45130.99 45130989.95 406592.192 511574.016
620000 1155898048370 45238.96 45238963.88 388385.968 511574.016
625000 1155898048445 45355.59 45355587.81 367372.16 511574.016
630000 1155898048520 45470.95 45470949.12 343875.368 511574.016
635000 1155898048597 45578.52 45578524.26 500831.832 511246.336
640000 1155898048722 45528.92 45528917.98 465314.056 511246.336
645000 1155898048778 45702.54 45702543.75 450876.304 511246.336
650000 1155898048883 45716.7 45716697.14 416810.304 511246.336
655000 1155898048967 45797.79 45797790.52 396964.384 511246.336
660000 1155898049044 45900.27 45900271.23 375070.92 511246.336
665000 1155898049203 45742.19 45742192.87 334975.776 511246.336
670000 1155898049288 45818.23 45818231.55 485328.744 511836.16
675000 1155898049414 45765.81 45765814.63 452966.64 511836.16
680000 1155898049511 45803.58 45803583.46 430166.104 511836.16
685000 1155898049608 45840.86 45840861.94 406899.032 511836.16
690000 1155898049707 45871.56 45871559.63 377447.832 511836.16
695000 1155898049766 46023.44 46023442.16 361702.16 511836.16
700000 1155898049848 46104.2 46104195.48 335185.808 511836.16
705000 1155898049932 46178.03 46178031.05 479038.728 509542.4
710000 1155898049987 46338.6 46338598.09 464743.936 509542.4
715000 1155898050076 46395.43 46395431.83 445561.072 509542.4
720000 1155898050179 46409.69 46409694.47 422887.248 509542.4
725000 1155898050285 46414.85 46414852.75 391958.264 509542.4
730000 1155898050399 46396.34 46396339.14 359061.568 509542.4
735000 1155898050454 46551.4 46551396.54 344127.952 509542.4
740000 1155898050606 46421.18 46421178.09 477132.784 511705.088
745000 1155898050663 46568.32 46568321.04 465843.616 511705.088
750000 1155898050755 46612.8 46612802.98 443543.496 511705.088
755000 1155898050896 46515.93 46515926.31 409319.032 511705.088
760000 1155898050956 46651.53 46651525.38 397393.008 511705.088
765000 1155898051046 46700.45 46700445.64 373153.392 511705.088
770000 1155898051142 46731.81 46731807.97 343922.072 511705.088
775000 1155898051199 46873.11 46873109.96 331378.056 511705.088
780000 1155898051291 46914.47 46914471.31 473228.96 511311.872
785000 1155898051378 46969.42 46969425 446953.24 511311.872
790000 1155898051431 47119.17 47119169.75 434317.904 511311.872
795000 1155898051530 47139.05 47139045.36 405324.576 511311.872
800000 1155898051593 47258.98 47258979.21 386925.6 511311.872
805000 1155898051653 47386.39 47386390.39 372733.28 511311.872
810000 1155898051723 47485.05 47485051 353504.28 511311.872
815000 1155898051837 47460.98 47460983 490570.512 512360.448
820000 1155898051911 47547.26 47547257.34 475875.672 512360.448
825000 1155898052078 47378.4 47378395.45 453588.52 512360.448
830000 1155898052186 47371.73 47371725.36 424439.496 512360.448
835000 1155898052284 47392.02 47392019.98 408069.024 512360.448
840000 1155898052409 47339.95 47339945.9 368558.936 512360.448
845000 1155898052463 47477.24 47477244.63 353400.832 512360.448
850000 1155898052542 47547.13 47547127.59 333732.704 512360.448
855000 1155898052666 47497.36 47497361.26 473458.416 512032.768
860000 1155898052746 47563.74 47563740.94 450162.08 512032.768
865000 1155898052817 47653.15 47653151.17 432052.824 512032.768
870000 1155898052918 47663.4 47663397.8 402316.128 512032.768
875000 1155898053028 47650.17 47650166.09 370203.464 512032.768
880000 1155898053101 47732.7 47732696.9 350931.8 512032.768
885000 1155898053214 47711.47 47711466.93 489716.696 512884.736
890000 1155898053309 47736.54 47736537.22 464481.752 512884.736
895000 1155898053416 47730.79 47730787.69 435660.664 512884.736
900000 1155898053512 47752.96 47752958.03 406861.688 512884.736
905000 1155898053613 47762.3 47762296.81 378560.512 512884.736
910000 1155898053732 47726.44 47726438.35 347515.968 512884.736
915000 1155898053853 47686.05 47686053.78 491026.024 512622.592
920000 1155898053975 47643.71 47643707.92 457313.048 512622.592
925000 1155898054083 47636.21 47636213.82 428784.448 512622.592
930000 1155898054211 47580.07 47580067.53 393720.176 512622.592
935000 1155898054324 47560.91 47560913.58 364696.688 512622.592
940000 1155898054437 47541.98 47541978.56 336614.216 512622.592
945000 1155898054565 47487.44 47487437.19 476677.616 512557.056
950000 1155898054684 47454.92 47454917.83 449864.392 512557.056
955000 1155898054833 47352.24 47352241.17 411544.024 512557.056
960000 1155898054953 47318.61 47318611.99 382428.84 512557.056
965000 1155898055198 46997.52 46997516.19 338385.688 512557.056
970000 1155898055412 46753.75 46753747.53 466583.912 512622.592
975000 1155898055614 46541.6 46541601.03 423153.536 512622.592
980000 1155898055885 46182.85 46182846.37 379695.952 512622.592
985000 1155898056173 45796.91 45796912.78 336995.168 512622.592
990000 1155898056440 45464.98 45464982.78 465392.152 512425.984
995000 1155898056686 45184.14 45184142.41 422405.696 512425.984
1000000 1155898056956 44861.15 44861154.73 381145.256 512425.984

-- results:

10.68.28.33:7800 (myself):
num_msgs_expected=1000000, num_msgs_received=1000000 (loss rate=0.0%), received=1000MB, time=22291ms, msgs/sec=44861.15, throughput=44.86MB/sec

10.68.20.33:7800:
num_msgs_expected=1000000, num_msgs_received=1000000 (loss rate=0.0%), received=1000MB, time=22304ms, msgs/sec=44835.01, throughput=44.84MB/sec

10.68.24.33:7800:
num_msgs_expected=1000000, num_msgs_received=1000000 (loss rate=0.0%), received=1000MB, time=22304ms, msgs/sec=44835.01, throughput=44.84MB/sec

10.68.16.33:7800:
num_msgs_expected=1000000, num_msgs_received=1000000 (loss rate=0.0%), received=1000MB, time=22300ms, msgs/sec=44843.05, throughput=44.84MB/sec

combined: 44843.55 msgs/sec averaged over all receivers

