

----------------------- TEST -----------------------
Date: Fri Aug 18 06:45:41 EDT 2006
Run by: bela

log_interval:	1000
msg_size:	5000
config:	./config_2_4_5000.txt
transport:	org.jgroups.tests.perf.transports.JGroupsTransport
num_senders:	2
sender:	false
gnuplot_output:	true
props:	/home/bela/tcp_nio.xml
num_msgs:	100000
num_members:	4
JGroups version: 2.4CR1


##### msgs_received, current time (in ms), msgs/sec, throughput/sec [KB], free_mem [KB] , total_mem [KB] 
1000 1155897943536 3846.15 19230769.23 467633.552 499712.0
2000 1155897943731 4395.6 21978021.98 454295.536 499712.0
3000 1155897943922 4643.96 23219814.24 438569.232 499712.0
4000 1155897944166 4494.38 22471910.11 422822.864 499712.0
5000 1155897944429 4336.51 21682567.22 406268.776 499712.0
6000 1155897944714 4172.46 20862308.76 390277.376 499712.0
7000 1155897944898 4315.66 21578298.4 373625.952 499712.0
8000 1155897945069 4461.8 22308979.36 358296.32 499712.0
9000 1155897945210 4653.57 23267838.68 481035.16 499712.0
10000 1155897945341 4842.62 24213075.06 464955.072 499712.0
11000 1155897945471 5011.39 25056947.61 448706.816 499712.0
12000 1155897945644 5067.57 25337837.84 432491.6 499712.0
13000 1155897945850 5050.51 25252525.25 416675.448 499712.0
14000 1155897946020 5102.04 25510204.08 400404.096 499712.0
15000 1155897946148 5222.84 26114206.13 384329.448 499712.0
16000 1155897946285 5317.38 26586905.95 368396.328 499712.0
17000 1155897946457 5344.23 26721156.87 352229.624 499712.0
18000 1155897946590 5431.5 27157513.58 480197.504 499712.0
19000 1155897946734 5494.51 27472527.47 464114.288 499712.0
20000 1155897946824 5636.98 28184892.9 447761.024 499712.0
21000 1155897946927 5751.85 28759244.04 432151.28 499712.0
22000 1155897947019 5877.64 29388191.29 415498.888 499712.0
23000 1155897947116 5989.58 29947916.67 399555.056 499712.0
24000 1155897947230 6069.8 30349013.66 383131.192 499712.0
25000 1155897947325 6174.36 30871820.2 366892.776 499712.0
26000 1155897947595 6019.91 30099560.08 351275.608 499712.0
27000 1155897947674 6139.15 30695770.8 479225.28 499712.0
28000 1155897947741 6271 31354983.2 462854.888 499712.0
29000 1155897947832 6365.23 31826163.3 446750.056 499712.0
30000 1155897948011 6335.8 31678986.27 430592.352 499712.0
31000 1155897948139 6374.67 31873329.22 414497.76 499712.0
32000 1155897948272 6405.12 32025620.5 398366.2 499712.0
33000 1155897948398 6442.8 32213978.91 382201.952 499712.0
34000 1155897948506 6500.96 32504780.11 365985.688 499712.0
35000 1155897948575 6605.02 33025099.08 349886.016 499712.0
36000 1155897948688 6651.88 33259423.5 478078.288 499712.0
37000 1155897948821 6672.68 33363390.44 461979.296 499712.0
38000 1155897948945 6703.12 33515611.22 445907.888 499712.0
39000 1155897949110 6684.95 33424751.46 429609.2 499712.0
40000 1155897949276 6666.67 33333333.33 413528.128 499712.0
41000 1155897949413 6680.79 33403943.29 397657.368 499712.0
42000 1155897949592 6649.78 33248891.7 381171.456 499712.0
43000 1155897949760 6631.71 33158544.11 365647.488 499712.0
44000 1155897949987 6556.4 32781999.7 349317.816 499712.0
45000 1155897950136 6559.77 32798833.82 477458.8 499712.0
46000 1155897950301 6548.04 32740213.52 461255.184 499712.0
47000 1155897950519 6489.02 32445119.43 444771.104 499712.0
48000 1155897950696 6469 32345013.48 429173.992 499712.0
49000 1155897950871 6451.61 32258064.52 412887.968 499712.0
50000 1155897951015 6460.78 32303915.23 397045.432 499712.0
51000 1155897951194 6441.02 32205102.3 380798.544 499712.0
52000 1155897951386 6411.84 32059186.19 364610.336 499712.0
53000 1155897951520 6428.92 32144590 348642.584 499712.0
54000 1155897951722 6393.56 31967795.41 496150.696 519045.12
55000 1155897951787 6462.23 32311126.78 479647.208 519045.12
56000 1155897951883 6506.33 32531660.28 463449.064 519045.12
57000 1155897951943 6576.67 32883350.64 446591.624 519045.12
58000 1155897952028 6627.06 33135283.36 431164.24 519045.12
59000 1155897952112 6677.23 33386147.58 414659.032 519045.12
60000 1155897952201 6722.69 33613445.38 398641.168 519045.12
61000 1155897952302 6758.25 33791269.67 381899.408 519045.12
62000 1155897952381 6809.45 34047226.8 366468.488 519045.12
63000 1155897952468 6853.79 34268929.5 350125.392 519045.12
64000 1155897952550 6901.01 34505067.93 333813.384 519045.12
65000 1155897952624 6953.36 34766795.04 500507.4 519045.12
66000 1155897952709 6996.71 34983568.32 484367.728 519045.12
67000 1155897952784 7046.7 35233487.59 467754.592 519045.12
68000 1155897952888 7074.49 35372451.1 452141.712 519045.12
69000 1155897952963 7122.95 35614741.41 435714.576 519045.12
70000 1155897953030 7176.54 35882714.78 419535.592 519045.12
71000 1155897953110 7219.85 36099247.51 403347.832 519045.12
72000 1155897953223 7238.36 36191816.63 387253.84 519045.12
73000 1155897953296 7285.43 36427145.71 370457.752 519045.12
74000 1155897953379 7324.56 36622785.31 354920.504 519045.12
75000 1155897953471 7356.55 36782736.64 338656.024 519045.12
76000 1155897953547 7399.47 36997371.24 503983.296 519045.12
77000 1155897953638 7431 37154989.38 489229.088 519045.12
78000 1155897953719 7469.12 37345590.35 472731.008 519045.12
79000 1155897953808 7500.95 37504747.44 456388.12 519045.12
80000 1155897953920 7515.97 37579857.2 440050.792 519045.12
81000 1155897954026 7534.88 37674418.6 424231.576 519045.12
82000 1155897954116 7564.58 37822878.23 407738.904 519045.12
83000 1155897954190 7604.91 38024555.62 391790.584 519045.12
84000 1155897954279 7634.28 38171407.8 375630.368 519045.12
85000 1155897954401 7640.45 38202247.19 359430.688 519045.12
86000 1155897954506 7658.06 38290293.86 342999.864 519045.12
87000 1155897954592 7688.23 38441145.28 511128.928 519045.12
88000 1155897954680 7716.59 38582953.35 493545.112 519045.12
89000 1155897954749 7757.34 38786716.64 477391.168 519045.12
90000 1155897954822 7794.91 38974536.64 461033.984 519045.12
91000 1155897954909 7822.57 39112868.56 445061.504 519045.12
92000 1155897954990 7853.85 39269250.47 429026.112 519045.12
93000 1155897955068 7886.7 39433514.25 412930.08 519045.12
94000 1155897955502 7688.53 38442663.18 396412.6 519045.12
95000 1155897955608 7703.54 38517677.59 380515.976 519045.12
96000 1155897955702 7725.74 38628681.8 364136.032 519045.12
97000 1155897955784 7755.04 38775183.88 347884.624 519045.12
98000 1155897955886 7771.61 38858049.17 331944.56 519045.12
99000 1155897955979 7793.43 38967173.11 498314.08 519045.12
100000 1155897956088 7805.18 39025913.21 482448.152 519045.12
101000 1155897956193 7819.15 39095765.27 466134.368 519045.12
102000 1155897956280 7843.74 39218701.94 450330.128 519045.12
103000 1155897956378 7861.4 39306976.03 433889.336 519045.12
104000 1155897956489 7871.04 39355180.5 418005.352 519045.12
105000 1155897956571 7897.71 39488529.52 401511.928 519045.12
106000 1155897956664 7917.54 39587690.47 385596.304 519045.12
107000 1155897956728 7954.21 39771037.76 369225.456 519045.12
108000 1155897956799 7986.39 39931967.76 352927.656 519045.12
109000 1155897956903 7998.83 39994129.3 336780.096 519045.12
110000 1155897957022 8002.33 40011639.75 501807.632 519045.12
111000 1155897957120 8017.91 40089569.49 486085.584 519045.12
112000 1155897957204 8041.36 40206777.71 469902.512 519045.12
113000 1155897957280 8069.12 40345615.54 453638.216 519045.12
114000 1155897957364 8091.99 40459965.93 437813.672 519045.12
115000 1155897957439 8119.75 40598743.2 421545.296 519045.12
116000 1155897957518 8144.92 40724617.33 405164.584 519045.12
117000 1155897957638 8146.5 40732488.51 388991.968 519045.12
118000 1155897957762 8145.8 40728979.7 372760.32 519045.12
119000 1155897957858 8160.75 40803730.63 356728.136 519045.12
120000 1155897957924 8192.24 40961223.38 340186.672 519045.12
121000 1155897958017 8208.4 41041991.72 505716.752 519045.12
122000 1155897958115 8221.58 41107891.37 490829.128 519045.12
123000 1155897958192 8246.18 41230893 474824.912 519045.12
124000 1155897958287 8260.61 41303044.43 458874.76 519045.12
125000 1155897958405 8262.28 41311388.72 442623.064 519045.12
126000 1155897958522 8264.46 41322314.05 426462.944 519045.12
127000 1155897958626 8273.62 41368078.18 410199.256 519045.12
128000 1155897958706 8295.53 41477640.96 393836.016 519045.12
129000 1155897958790 8315.07 41575351.3 377813.328 519045.12
130000 1155897958880 8331.2 41655985.64 362053.632 519045.12
131000 1155897958985 8339.17 41695843.15 345649.328 519045.12
132000 1155897959079 8352.84 41764221.98 329255.296 519045.12
133000 1155897959159 8373.73 41868664.61 495775.688 519045.12
134000 1155897959256 8385.48 41927409.26 479725.464 519045.12
135000 1155897959342 8402.84 42014191.46 463791.816 519045.12
136000 1155897959421 8423.66 42118302.88 447408.0 519045.12
137000 1155897959515 8436.48 42182400.39 431455.248 519045.12
138000 1155897959598 8454.85 42274231.1 414885.016 519045.12
139000 1155897959683 8471.99 42359968.31 398827.84 519045.12
140000 1155897959788 8478.68 42393410.85 382849.344 519045.12
141000 1155897959859 8502.68 42513417.36 366634.768 519045.12
142000 1155897959947 8517.79 42588926.88 350496.56 519045.12
143000 1155897960028 8536.29 42681470.87 334549.64 519045.12
144000 1155897960102 8558.18 42790918.82 503713.888 519045.12
145000 1155897960231 8552.05 42760247.71 484464.328 519045.12
146000 1155897960346 8553.02 42765084.94 468530.4 519045.12
147000 1155897960443 8562.94 42814702.63 452318.224 519045.12
148000 1155897960551 8567.29 42836468.89 436448.808 519045.12
149000 1155897960651 8575.54 42877697.84 419920.672 519045.12
150000 1155897960756 8581.24 42906178.49 404157.736 519045.12
151000 1155897960833 8600.56 43002790.91 387738.504 519045.12
152000 1155897960910 8619.71 43098559.6 371464.632 519045.12
153000 1155897961019 8623.12 43115594.88 355195.208 519045.12
154000 1155897961130 8625.52 43127590.46 339157.944 519045.12
155000 1155897961233 8631.73 43158656.79 505200.872 519045.12
156000 1155897961318 8646.49 43232457.6 489748.928 519045.12
157000 1155897961407 8659.2 43296012.35 473442.752 519045.12
158000 1155897961485 8677.03 43385139.22 457709.16 519045.12
159000 1155897961617 8669.1 43345510.06 441287.472 519045.12
160000 1155897961688 8689.98 43449923.96 424972.608 519045.12
161000 1155897961794 8694.24 43471217.19 408997.944 519045.12
162000 1155897961882 8706.87 43534343.76 392561.168 519045.12
163000 1155897961969 8719.84 43599208.26 376578.048 519045.12
164000 1155897962142 8692.89 43464433.37 360490.776 519045.12
165000 1155897962204 8717.24 43586221.47 343932.92 519045.12
166000 1155897962346 8704.77 43523859.47 328052.312 519045.12
167000 1155897962551 8664.07 43320363.16 494116.864 519045.12
168000 1155897962728 8636.64 43183220.23 478246.48 519045.12
169000 1155897962984 8575.2 42875989.45 462147.64 519045.12
170000 1155897963182 8540.14 42700693.26 445944.0 519045.12
171000 1155897963300 8539.75 42698761.49 430050.512 519045.12
172000 1155897963459 8522.02 42610117.43 413550.064 519045.12
173000 1155897963654 8489.55 42447737.76 397546.568 519045.12
174000 1155897963825 8467.57 42337826.66 381170.96 519045.12
175000 1155897963957 8461.87 42309366.08 364651.256 519045.12
176000 1155897964128 8440.44 42202186.84 348700.032 519045.12
177000 1155897964322 8410.15 42050745.98 332352.664 519045.12
178000 1155897964495 8388.71 41943541.17 499118.624 519045.12
179000 1155897964655 8372.7 41863510.92 482888.656 519045.12
180000 1155897964856 8341.06 41705282.67 467147.016 519045.12
181000 1155897965044 8314.96 41574788.68 450911.288 519045.12
182000 1155897965250 8282.52 41412578.5 434404.288 519045.12
183000 1155897965462 8248.44 41242224.83 418641.224 519045.12
184000 1155897965634 8229.72 41148582.16 402451.88 519045.12
185000 1155897965777 8221.86 41109284.03 386242.12 519045.12
186000 1155897965930 8210.47 41052352.79 370056.768 519045.12
187000 1155897966069 8204.27 41021366.21 353557.712 519045.12
188000 1155897966262 8178.89 40894457.5 337942.696 519045.12
189000 1155897966393 8175.8 40879006.79 503808.776 518651.904
190000 1155897966607 8143.67 40718357.55 488395.064 518651.904
191000 1155897966917 8079.18 40395922.34 472601.008 518651.904
192000 1155897967118 8053.02 40265078.43 456474.24 518651.904
193000 1155897967358 8014.28 40071422.64 440311.976 518651.904
194000 1155897967581 7981.9 39909483.65 423838.816 518651.904
195000 1155897967812 7947.51 39737528.53 407627.416 518651.904
196000 1155897968068 7905.78 39528880.28 391814.56 518651.904
197000 1155897968242 7890.73 39453656.97 375597.288 518651.904
198000 1155897968491 7852.47 39262343.84 359067.568 518651.904
199000 1155897968714 7822.94 39114710.28 343257.736 518651.904
200000 1155897968942 7792.41 38962050.96 507126.12 517603.328

-- results:

10.68.28.33:7800 (myself):
num_msgs_expected=200000, num_msgs_received=200000 (loss rate=0.0%), received=1000MB, time=25666ms, msgs/sec=7792.41, throughput=38.96MB/sec

10.68.20.33:7800:
num_msgs_expected=200000, num_msgs_received=200000 (loss rate=0.0%), received=1000MB, time=25680ms, msgs/sec=7788.16, throughput=38.94MB/sec

10.68.24.33:7800:
num_msgs_expected=200000, num_msgs_received=200000 (loss rate=0.0%), received=1000MB, time=25680ms, msgs/sec=7788.16, throughput=38.94MB/sec

10.68.16.33:7800:
num_msgs_expected=200000, num_msgs_received=200000 (loss rate=0.0%), received=1000MB, time=25677ms, msgs/sec=7789.07, throughput=38.95MB/sec

combined: 7789.45 msgs/sec averaged over all receivers

