

----------------------- TEST -----------------------
Date: Fri Aug 18 06:42:40 EDT 2006
Run by: bela

log_interval:	1000
msg_size:	5000
config:	./config_1_4_5000.txt
transport:	org.jgroups.tests.perf.transports.JGroupsTransport
num_senders:	1
sender:	false
gnuplot_output:	true
props:	/home/bela/tcp_nio.xml
num_msgs:	200000
num_members:	4
JGroups version: 2.4CR1


##### msgs_received, current time (in ms), msgs/sec, throughput/sec [KB], free_mem [KB] , total_mem [KB] 
1000 1155897763171 3412.97 17064846.42 470193.936 499712.0
2000 1155897763359 4158 20790020.79 454365.176 499712.0
3000 1155897763572 4322.77 21613832.85 437151.392 499712.0
4000 1155897763751 4581.9 22909507.45 422261.664 499712.0
5000 1155897763939 4712.54 23562676.72 406023.736 499712.0
6000 1155897764109 4874.09 24370430.54 390390.6 499712.0
7000 1155897764307 4898.53 24492652.2 374286.704 499712.0
8000 1155897764498 4938.27 24691358.02 357977.688 499712.0
9000 1155897764662 5044.84 25224215.25 480616.672 499712.0
10000 1155897764786 5241.09 26205450.73 465799.96 499712.0
11000 1155897764967 5265.68 26328386.79 449740.76 499712.0
12000 1155897765165 5247.05 26235242.68 433434.48 499712.0
13000 1155897765344 5271.7 26358475.26 417823.264 499712.0
14000 1155897765476 5388.76 26943802.93 401538.856 499712.0
15000 1155897765604 5502.57 27512839.33 385266.968 499712.0
16000 1155897765745 5580.75 27903732.12 368942.632 499712.0
17000 1155897765876 5670.45 28352234.82 352776.208 499712.0
18000 1155897766007 5752.64 28763183.13 480112.672 499712.0
19000 1155897766155 5797.99 28989929.81 463914.408 499712.0
20000 1155897766281 5877.17 29385836.03 447693.2 499712.0
21000 1155897766410 5945.64 29728199.32 431417.888 499712.0
22000 1155897766540 6007.65 30038230.48 415603.784 499712.0
23000 1155897766680 6049.45 30247238.3 399437.68 499712.0
24000 1155897766808 6106.87 30534351.15 382789.224 499712.0
25000 1155897766938 6157.64 30788177.34 366805.04 499712.0
26000 1155897767087 6177.24 30886196.25 350626.16 499712.0
27000 1155897767261 6160.16 30800821.36 478551.136 499712.0
28000 1155897767400 6191.95 30959752.32 462540.184 499712.0
29000 1155897767530 6233.88 31169389.51 446072.184 499712.0
30000 1155897767658 6276.15 31380753.14 430288.192 499712.0
31000 1155897767832 6257.57 31287848.2 414300.92 499712.0
32000 1155897767977 6275.74 31378701.71 397858.312 499712.0
33000 1155897768106 6312.17 31560826.32 381847.4 499712.0
34000 1155897768235 6346.84 31734179.58 365838.92 499712.0
35000 1155897768364 6379.88 31899380.24 349211.512 499712.0
36000 1155897768506 6396.59 31982942.43 477417.368 499712.0
37000 1155897768636 6425.84 32129211.53 461220.264 499712.0
38000 1155897768764 6456 32279986.41 445174.752 499712.0
39000 1155897768892 6484.87 32424343.2 429145.344 499712.0
40000 1155897769020 6512.54 32562683.17 412995.944 499712.0
41000 1155897769161 6525.55 32627725.61 396466.424 499712.0
42000 1155897769291 6549.2 32745984.72 380777.864 499712.0
43000 1155897769419 6573.92 32869591.81 364414.752 499712.0
44000 1155897769548 6596.7 32983508.25 348375.984 499712.0
45000 1155897769686 6609.87 33049353.7 476374.464 499712.0
46000 1155897769814 6632.06 33160322.95 460050.28 499712.0
47000 1155897769944 6651.57 33257854.51 444005.304 499712.0
48000 1155897770073 6671.3 33356497.57 427899.672 499712.0
49000 1155897770210 6683.03 33415166.39 411634.768 499712.0
50000 1155897770350 6691.65 33458244.11 395681.904 499712.0
51000 1155897770479 6709.64 33548217.34 379570.576 499712.0
52000 1155897770609 6726.17 33630836.89 362820.232 499712.0
53000 1155897770737 6743.86 33719302.71 347034.024 499712.0
54000 1155897770874 6753.38 33766883.44 493746.072 518455.296
55000 1155897771003 6769.23 33846153.85 477634.544 518455.296
56000 1155897771133 6783.77 33918837.07 461309.928 518455.296
57000 1155897771262 6798.66 33993320.61 445196.672 518455.296
58000 1155897771405 6801.92 34009616.51 429340.568 518455.296
59000 1155897771534 6816.08 34080406.65 412982.752 518455.296
60000 1155897771664 6829.05 34145231.05 396775.912 518455.296
61000 1155897771793 6842.4 34212002.24 380582.376 518455.296
62000 1155897771938 6843.27 34216335.54 364549.208 518455.296
63000 1155897772067 6856.02 34280117.53 348481.336 518455.296
64000 1155897772197 6867.69 34338448.33 331987.52 518455.296
65000 1155897772326 6879.76 34398814.56 497528.368 518389.76
66000 1155897772465 6884.32 34421612.6 481391.656 518389.76
67000 1155897772596 6894.42 34472113.6 465371.896 518389.76
68000 1155897772724 6906.36 34531789.56 449079.048 518389.76
69000 1155897772855 6915.91 34579532.93 432726.168 518389.76
70000 1155897772984 6926.58 34632891.35 416813.056 518389.76
71000 1155897773160 6905.27 34526356.74 400838.992 518389.76
72000 1155897773349 6876.13 34380670.42 384614.832 518389.76
73000 1155897773527 6855.1 34275518.83 368027.92 518389.76
74000 1155897773655 6866.47 34332374.5 352444.04 518389.76
75000 1155897773787 6875.06 34375286.46 336211.632 518389.76
76000 1155897773917 6884.68 34423407.92 501847.64 518455.296
77000 1155897774109 6856.02 34280117.53 485704.608 518455.296
78000 1155897774247 6860.76 34303808.6 469508.12 518455.296
79000 1155897774433 6836.87 34184335.79 453465.984 518455.296
80000 1155897774621 6812.57 34062845.95 437441.4 518455.296
81000 1155897774820 6782.78 33913917.27 420890.728 518455.296
82000 1155897774950 6792.58 33962889.33 404827.704 518455.296
83000 1155897775090 6796.59 33982967.57 388586.312 518455.296
84000 1155897775219 6806.58 34032898.47 372841.856 518455.296
85000 1155897775381 6798.37 33991841.96 356238.944 518455.296
86000 1155897775509 6808.65 34043226.98 340118.6 518455.296
87000 1155897775653 6810.18 34050880.63 504584.96 518455.296
88000 1155897775781 6820.12 34100596.76 489408.624 518455.296
89000 1155897775910 6829.34 34146715.78 473525.328 518455.296
90000 1155897776080 6817.15 34085744.58 457370.68 518455.296
91000 1155897776209 6826.19 34130972.92 441294.224 518455.296
92000 1155897776344 6832.02 34160106.94 425235.448 518455.296
93000 1155897776475 6839.74 34198720.31 408697.368 518455.296
94000 1155897776604 6848.32 34241585.31 392468.576 518455.296
95000 1155897776732 6857.23 34286126.75 376484.144 518455.296
96000 1155897776871 6860.57 34302865.72 360237.824 518455.296
97000 1155897777000 6868.72 34343577.4 344201.056 518455.296
98000 1155897777129 6876.71 34383552.03 328209.048 518455.296
99000 1155897777259 6884.08 34420415.83 493665.976 518520.832
100000 1155897777400 6886.1 34430519.21 477206.864 518520.832
101000 1155897777528 6894.2 34470989.76 461092.96 518520.832
102000 1155897777658 6901.22 34506089.31 444859.376 518520.832
103000 1155897777787 6908.58 34542893.55 428832.856 518520.832
104000 1155897777935 6907.09 34535432.02 412682.536 518520.832
105000 1155897778064 6914.26 34571315.69 396632.696 518520.832
106000 1155897778192 6921.77 34608854.64 380265.696 518520.832
107000 1155897778323 6927.81 34639041.76 364017.552 518520.832
108000 1155897778472 6925.74 34628703.35 347795.448 518520.832
109000 1155897778601 6932.52 34662596.2 331878.664 518520.832
110000 1155897778729 6939.63 34698126.3 496593.68 518455.296
111000 1155897778859 6945.75 34728740.38 480275.424 518455.296
112000 1155897779010 6942.72 34713612.7 464325.208 518455.296
113000 1155897779139 6949.14 34745710.6 448088.192 518455.296
114000 1155897779268 6955.46 34777303.23 431749.296 518455.296
115000 1155897779396 6962.1 34810509.75 416076.936 518455.296
116000 1155897779547 6959.03 34795128.68 399863.84 518455.296
117000 1155897779675 6965.53 34827647.79 383450.352 518455.296
118000 1155897779804 6971.52 34857615.5 367424.096 518455.296
119000 1155897779934 6977.02 34885084.43 351256.632 518455.296
120000 1155897780084 6974.31 34871556.43 335220.056 518455.296
121000 1155897780214 6979.7 34898477.16 500375.696 518520.832
122000 1155897780342 6985.8 34928996.79 484090.688 518520.832
123000 1155897780490 6983.87 34919373.15 468088.28 518520.832
124000 1155897780619 6989.46 34947297.22 452144.416 518520.832
125000 1155897780748 6994.96 34974818.13 435989.032 518520.832
126000 1155897780876 7000.78 35003889.32 419823.384 518520.832
127000 1155897781022 6999.56 34997795.41 403872.488 518520.832
128000 1155897781155 7003.34 35016687.64 387387.032 518520.832
129000 1155897781281 7009.73 35048633.37 370899.752 518520.832
130000 1155897781411 7014.51 35072573.25 354644.704 518520.832
131000 1155897781550 7015.85 35079263.07 339192.224 518520.832
132000 1155897781680 7020.53 35102648.65 503342.032 518520.832
133000 1155897781808 7025.88 35129424.19 488003.184 518520.832
134000 1155897781942 7028.96 35144775.49 472180.224 518520.832
135000 1155897782076 7031.98 35159912.49 455841.48 518520.832
136000 1155897782205 7036.79 35183939.57 439770.984 518520.832
137000 1155897782335 7041.17 35205838.52 423479.008 518520.832
138000 1155897782472 7042.97 35214861.69 407604.128 518520.832
139000 1155897782601 7047.61 35238046.95 391022.192 518520.832
140000 1155897782729 7052.54 35262707.17 375044.64 518520.832
141000 1155897782868 7053.53 35267633.82 358860.696 518520.832
142000 1155897782996 7058.36 35291778.51 342775.904 518520.832
143000 1155897783126 7062.43 35312129.59 511002.872 518586.368
144000 1155897783255 7066.79 35333954.95 492320.0 518586.368
145000 1155897783401 7065.24 35326219.36 476121.6 518586.368
146000 1155897783530 7069.53 35347666.09 459927.48 518586.368
147000 1155897783658 7074.11 35370548.6 443878.632 518586.368
148000 1155897783789 7077.61 35388073.26 427824.088 518586.368
149000 1155897783925 7079.39 35396968.69 411581.2 518586.368
150000 1155897784055 7083.16 35415781.27 395349.688 518586.368
151000 1155897784184 7087.21 35436027.41 379070.784 518586.368
152000 1155897784313 7091.21 35456029.86 362863.848 518586.368
153000 1155897784445 7094.17 35470858.26 346752.344 518586.368
154000 1155897784573 7098.41 35492048.86 330948.032 518586.368
155000 1155897784759 7083.77 35418856.54 495767.456 516030.464
156000 1155897784887 7088.01 35440047.25 479839.656 516030.464
157000 1155897785026 7088.68 35443380.89 463526.92 516030.464
158000 1155897785155 7092.52 35462584.73 447455.008 516030.464
159000 1155897785285 7096 35479983.93 431193.336 516030.464
160000 1155897785426 7095.97 35479865.18 415292.672 516030.464
161000 1155897785554 7100.02 35500088.2 398800.8 516030.464
162000 1155897785683 7103.71 35518526.64 382152.12 516030.464
163000 1155897785812 7107.35 35536757.65 366838.52 516030.464
164000 1155897785950 7108.18 35540915.4 350249.272 516030.464
165000 1155897786078 7112.07 35560344.83 334379.52 516030.464
166000 1155897786206 7115.91 35579561.04 500847.168 518193.152
167000 1155897786388 7103.36 35516801.36 484792.12 518193.152
168000 1155897786521 7105.7 35528486.23 468330.016 518193.152
169000 1155897786650 7109.2 35546020.53 452294.32 518193.152
170000 1155897786779 7112.67 35563365.55 436482.744 518193.152
171000 1155897786909 7115.81 35579043.74 420201.08 518193.152
172000 1155897787041 7118.32 35591607 403999.336 518193.152
173000 1155897787170 7121.69 35608430.76 387716.472 518193.152
174000 1155897787300 7124.72 35623618.05 371591.496 518193.152
175000 1155897787429 7128.02 35640096.13 355615.688 518193.152
176000 1155897787545 7135.04 35675193.58 339442.464 518193.152
177000 1155897787673 7138.54 35692679.98 503682.16 518258.688
178000 1155897787800 7142.28 35711419.63 488388.632 518258.688
179000 1155897787930 7145.14 35725690.56 471989.056 518258.688
180000 1155897788067 7145.98 35729882.09 455955.8 518258.688
181000 1155897788196 7149.06 35745319.54 439786.616 518258.688
182000 1155897788340 7147.91 35739533.42 423951.776 518258.688
183000 1155897788529 7134.22 35671123.93 407496.264 518258.688
184000 1155897788661 7136.49 35682426.4 391484.872 518258.688
185000 1155897788790 7139.55 35697746.22 374878.152 518258.688
186000 1155897788919 7142.58 35712914.25 359259.512 518258.688
187000 1155897789046 7146.13 35730663.41 342917.952 518258.688
188000 1155897789180 7147.75 35738727.09 509211.536 518258.688
189000 1155897789311 7150.15 35750766.09 491430.16 518258.688
190000 1155897789465 7146.35 35731748.6 475662.104 518258.688
191000 1155897789649 7134.59 35672929.66 459492.568 518258.688
192000 1155897789789 7134.63 35673144.81 443397.136 518258.688
193000 1155897789918 7137.57 35687869.82 427575.208 518258.688
194000 1155897790048 7140.23 35701140.96 411325.736 518258.688
195000 1155897790180 7142.33 35711669.47 395082.232 518258.688
196000 1155897790309 7145.2 35726003.43 378399.544 518258.688
197000 1155897790438 7148.04 35740203.19 362757.648 518258.688
198000 1155897790567 7150.85 35754270.65 346690.48 518258.688
199000 1155897790708 7150.56 35752784.76 330445.088 518258.688
200000 1155897790835 7153.84 35769217.01 493972.888 515375.104

-- results:

10.68.28.33:7800 (myself):
num_msgs_expected=200000, num_msgs_received=200000 (loss rate=0.0%), received=1000MB, time=27957ms, msgs/sec=7153.84, throughput=35.77MB/sec

10.68.20.33:7800:
num_msgs_expected=200000, num_msgs_received=200000 (loss rate=0.0%), received=1000MB, time=27970ms, msgs/sec=7150.52, throughput=35.75MB/sec

10.68.24.33:7800:
num_msgs_expected=200000, num_msgs_received=200000 (loss rate=0.0%), received=1000MB, time=27960ms, msgs/sec=7153.08, throughput=35.77MB/sec

10.68.16.33:7800:
num_msgs_expected=200000, num_msgs_received=200000 (loss rate=0.0%), received=1000MB, time=27899ms, msgs/sec=7168.72, throughput=35.84MB/sec

combined: 7156.54 msgs/sec averaged over all receivers

