

----------------------- TEST -----------------------
Date: Fri Aug 18 06:48:39 EDT 2006
Run by: bela

log_interval:	1000
msg_size:	5000
config:	./config_4_4_5000.txt
transport:	org.jgroups.tests.perf.transports.JGroupsTransport
num_senders:	4
sender:	true
gnuplot_output:	true
props:	/home/bela/tcp_nio.xml
num_msgs:	50000
num_members:	4
JGroups version: 2.4CR1


##### msgs_received, current time (in ms), msgs/sec, throughput/sec [KB], free_mem [KB] , total_mem [KB] 
1000 1155898121889 3095.98 15479876.16 456345.848 499712.0
2000 1155898122026 4347.83 21739130.43 439423.408 499712.0
3000 1155898122194 4777.07 23885350.32 420310.336 499712.0
4000 1155898122432 4618.94 23094688.22 385020.336 499712.0
5000 1155898122600 4835.59 24177949.71 359328.584 499712.0
6000 1155898122752 5059.02 25295109.61 476455.08 499712.0
7000 1155898122874 5351.68 26758409.79 454084.52 499712.0
8000 1155898123026 5479.45 27397260.27 429958.912 499712.0
9000 1155898123176 5590.06 27950310.56 406859.736 499712.0
10000 1155898123379 5515.72 27578599.01 389277.8 499712.0
11000 1155898123675 5215.74 26078710.29 373069.48 499712.0
12000 1155898123961 5010.44 25052192.07 357031.248 499712.0
13000 1155898124131 5068.23 25341130.6 483299.736 499712.0
14000 1155898124300 5120.7 25603511.34 467972.624 499712.0
15000 1155898124535 5052.21 25261030.65 451874.44 499712.0
16000 1155898124682 5134.79 25673940.95 435611.264 499712.0
17000 1155898124859 5162.47 25812329.18 419587.864 499712.0
18000 1155898124966 5294.12 26470588.24 403763.36 499712.0
19000 1155898125157 5291.01 26455026.46 387260.736 499712.0
20000 1155898125288 5373.46 26867275.66 371482.024 499712.0
21000 1155898125460 5392.91 26964560.86 354967.544 499712.0
22000 1155898125548 5524.86 27624309.39 485261.552 499712.0
23000 1155898125910 5294.66 26473296.5 467758.128 499712.0
24000 1155898126129 5259.7 26298487.84 451643.04 499712.0
25000 1155898126313 5266.48 26332420.48 435185.312 499712.0
26000 1155898126512 5256.77 26283865.75 419129.6 499712.0
27000 1155898126758 5200.31 26001540.83 403302.728 499712.0
28000 1155898126961 5189.99 25949953.66 386863.544 499712.0
29000 1155898127173 5172.11 25860531.48 370803.144 499712.0
30000 1155898127367 5171.52 25857610.76 354835.664 499712.0
31000 1155898127572 5161.51 25807525.81 482994.096 499712.0
32000 1155898127746 5177.99 25889967.64 467512.456 499712.0
33000 1155898127994 5133.79 25668948.35 451262.168 499712.0
34000 1155898128181 5139.83 25699168.56 435173.024 499712.0
35000 1155898128359 5152.36 25761813.63 418930.928 499712.0
36000 1155898128578 5134.06 25670279.52 402672.352 499712.0
37000 1155898128715 5175.55 25877745.14 386484.056 499712.0
38000 1155898128907 5176.41 25882032.42 370102.904 499712.0
39000 1155898128972 5266 26330002.7 346526.184 499712.0
40000 1155898129101 5308.56 26542800.27 475683.904 499712.0
41000 1155898129218 5358.08 26790381.6 458855.344 499712.0
42000 1155898129307 5425.66 27128278 442329.808 499712.0
43000 1155898129385 5499.42 27497122.39 427157.536 499712.0
44000 1155898129472 5565.39 27826966.86 410845.824 499712.0
45000 1155898129575 5618.68 28093394.93 394736.432 499712.0
46000 1155898129686 5665.02 28325123.15 378793.84 499712.0
47000 1155898129782 5720.55 28602726.39 362602.552 499712.0
48000 1155898129912 5751.26 28756290.44 346369.704 499712.0
49000 1155898130014 5800.19 29000946.97 491727.224 515768.32
50000 1155898130135 5834.99 29174932.9 475231.336 515768.32
51000 1155898130244 5876.93 29384650.84 457807.848 515768.32
52000 1155898130311 5946.26 29731275.01 434077.336 515768.32
53000 1155898130359 6027.52 30137609.46 418427.552 515768.32
54000 1155898130445 6081.77 30408829.82 391793.16 515768.32
55000 1155898130539 6129.5 30647498.05 364790.992 515768.32
56000 1155898130574 6216.7 31083481.35 352787.08 515768.32
57000 1155898130657 6269.94 31349686.5 509556.68 516030.464
58000 1155898130734 6326.35 31631762.65 482767.016 516030.464
59000 1155898130795 6392.89 31964459.85 463241.24 516030.464
60000 1155898130859 6456.47 32282363.07 444500.808 516030.464
61000 1155898130932 6512.92 32564595.34 420116.888 516030.464
62000 1155898130995 6575.46 32877293.46 395543.152 516030.464
63000 1155898131080 6621.82 33109102.38 369812.4 516030.464
64000 1155898131116 6701.57 33507853.4 355053.288 516030.464
65000 1155898131195 6750.44 33752206.88 505030.128 515506.176
66000 1155898131260 6808.34 34041675.26 489572.424 515506.176
67000 1155898131320 6868.98 34344884.15 463308.64 515506.176
68000 1155898131390 6921.82 34609120.52 434831.576 515506.176
69000 1155898131417 7004.37 35021825.2 424636.712 515506.176
70000 1155898131511 7038.71 35193564.61 395330.904 515506.176
71000 1155898131561 7103.55 35517758.88 382505.032 515506.176
72000 1155898131643 7144.98 35724918.13 352556.72 515506.176
73000 1155898131671 7224.15 36120732.31 343263.096 515506.176
74000 1155898131752 7264.87 36324366.78 491917.168 515768.32
75000 1155898131805 7324.93 36624670.38 476192.136 515768.32
76000 1155898131873 7373.63 36868147.86 453756.016 515768.32
77000 1155898131938 7423.83 37119166.99 425763.128 515768.32
78000 1155898131994 7479.86 37399309.55 412921.696 515768.32
79000 1155898132048 7536.73 37683648.16 388187.248 515768.32
80000 1155898132127 7575.04 37875201.21 357751.736 515768.32
81000 1155898132163 7643.67 38218363.69 348139.144 515768.32
82000 1155898132237 7684.38 38421891.11 493548.84 512884.736
83000 1155898132307 7727.4 38636998.42 469918.208 512884.736
84000 1155898132348 7790.76 38953811.91 456674.8 512884.736
85000 1155898132411 7837.71 39188566.16 432079.72 512884.736
86000 1155898132613 7784.92 38924594.91 415637.912 512884.736
87000 1155898132686 7823.74 39118705.04 391095.032 512884.736
88000 1155898132747 7870.49 39352472.95 366873.232 512884.736
89000 1155898132821 7907.6 39537983.12 342306.272 512884.736
90000 1155898132868 7963.19 39815961.78 325827.152 512884.736
91000 1155898132934 8004.93 40024630.54 472402.024 508559.36
92000 1155898133005 8042.66 40213305.36 452943.04 508559.36
93000 1155898133053 8096.11 40480543.22 431521.48 508559.36
94000 1155898133126 8131.49 40657439.45 404648.28 508559.36
95000 1155898133157 8196.01 40980070.74 393596.144 508559.36
96000 1155898133226 8233.28 41166380.79 367487.448 508559.36
97000 1155898133312 8258.13 41290652.14 352821.608 508559.36
98000 1155898133426 8263.07 41315345.7 336163.352 508559.36
99000 1155898133508 8290.07 41450343.33 488305.976 514260.992
100000 1155898133577 8325.7 41628507.2 461601.416 514260.992
101000 1155898133638 8366.47 41832339.3 438331.536 514260.992
102000 1155898133703 8404.05 42020268.6 417521.064 514260.992
103000 1155898133755 8450.24 42251210.11 398306.48 514260.992
104000 1155898133828 8481.49 42407437.61 374310.528 514260.992
105000 1155898133889 8520.65 42603262.19 351601.192 514260.992
106000 1155898133945 8562.89 42814443.82 327264.28 514260.992
107000 1155898134002 8604.05 43020263.75 484325.736 514129.92
108000 1155898134065 8640.69 43203456.28 462524.176 514129.92
109000 1155898134137 8670.75 43353750.7 440784.488 514129.92
110000 1155898134197 8708.73 43543662.42 420623.456 514129.92
111000 1155898134271 8736.72 43683589.14 396089.872 514129.92
112000 1155898134354 8758.21 43791054.11 380565.528 514129.92
113000 1155898134451 8769.89 43849437.33 347017.44 514129.92
114000 1155898134476 8830.36 44151820.29 340021.704 514129.92
115000 1155898134576 8839.35 44196771.71 496479.624 514326.528
116000 1155898134628 8880.72 44403613.54 475287.176 514326.528
117000 1155898134709 8902.08 44510385.76 445746.68 514326.528
118000 1155898134762 8942.1 44710518.34 434559.48 514326.528
119000 1155898134837 8966.92 44834601.76 407582.104 514326.528
120000 1155898134898 9000.9 45004500.45 384448.928 514326.528
121000 1155898134953 9038.62 45193097.78 368075.136 514326.528
122000 1155898135009 9075.36 45376776.02 348955.552 514326.528
123000 1155898135099 9088.89 45444469.08 491943.568 514392.064
124000 1155898135123 9146.57 45732831.75 480284.808 514392.064
125000 1155898135191 9174.31 45871559.63 456140.112 514392.064
126000 1155898135227 9223.34 46116682.53 439657.44 514392.064
127000 1155898135321 9233.01 46165030.9 410666.024 514392.064
128000 1155898135388 9260.6 46302995.23 389431.168 514392.064
129000 1155898135433 9302.66 46513304.97 375171.512 514392.064
130000 1155898135500 9329.7 46648485.72 351856.184 514392.064
131000 1155898135551 9367.18 46835895.6 331810.336 514392.064
132000 1155898135615 9395.69 46978432.63 483440.68 514523.136
133000 1155898135694 9413.93 47069648.92 466378.264 514523.136
134000 1155898135746 9449.93 47249647.39 443151.056 514523.136
135000 1155898135833 9462.4 47311978.69 416917.624 514523.136
136000 1155898135891 9493.89 47469458.99 401639.624 514523.136
137000 1155898135976 9507.29 47536433.03 385539.16 514523.136
138000 1155898136072 9513.3 47566524.2 360206.04 514523.136
139000 1155898136124 9548.01 47740074.19 343663.176 514523.136
140000 1155898136188 9574.61 47873067.98 486988.04 513146.88
141000 1155898136275 9585.97 47929838.87 464861.24 513146.88
142000 1155898136319 9625.16 48125804.92 450539.08 513146.88
143000 1155898136399 9640.67 48203330.41 428267.048 513146.88
144000 1155898136484 9652.77 48263842.34 409301.576 513146.88
145000 1155898136593 9649.3 48246489.65 381135.432 513146.88
146000 1155898136628 9693.27 48466339.13 368523.68 513146.88
147000 1155898136682 9724.79 48623974.6 343714.216 513146.88
148000 1155898136788 9722.77 48613848.38 489256.032 513015.808
149000 1155898136864 9739.84 48699176.36 465252.72 513015.808
150000 1155898136904 9779.63 48898161.43 452446.888 513015.808
151000 1155898136966 9805.19 49025974.03 428208.232 513015.808
152000 1155898137016 9838.19 49190938.51 411527.4 513015.808
153000 1155898137083 9860.15 49300766.9 385184.992 513015.808
154000 1155898137169 9869.9 49349484.07 354185.568 513015.808
155000 1155898137206 9910.49 49552429.67 346453.048 513015.808
156000 1155898137312 9907.28 49536390.19 480152.272 507117.568
157000 1155898137384 9925.4 49627007.21 451607.488 507117.568
158000 1155898137414 9969.71 49848561.33 443949.168 507117.568
159000 1155898137474 9994.97 49974855.42 420078.904 507117.568
160000 1155898137549 10010.64 50053181.51 393938.208 507117.568
161000 1155898137591 10046.8 50234009.36 378726.936 507117.568
162000 1155898137713 10032.82 50164117.17 341987.104 507117.568
163000 1155898137770 10059.24 50296223.15 325115.504 507117.568
164000 1155898137817 10091.69 50458433.33 486191.776 513081.344
165000 1155898137868 10121.46 50607287.45 461951.24 513081.344
166000 1155898137938 10139.26 50696310.77 444602.624 513081.344
167000 1155898138001 10161.24 50806206.27 423426.376 513081.344
168000 1155898138058 10186.76 50933786.08 400188.184 513081.344
169000 1155898138114 10212.71 51063572.64 378415.256 513081.344
170000 1155898138178 10233.57 51167830.48 354774.584 513081.344
171000 1155898138279 10231.56 51157781.37 327173.992 513081.344
172000 1155898138360 10241.75 51208765.04 466763.704 506462.208
173000 1155898138479 10228.82 51144090.34 436217.824 506462.208
174000 1155898138558 10240.11 51200564.97 410968.032 506462.208
175000 1155898138628 10256.71 51283554.1 388986.928 506462.208
176000 1155898138725 10257.01 51285039.92 357456.624 506462.208
177000 1155898138817 10260.27 51301373.83 329765.936 506462.208
178000 1155898138881 10280.1 51400519.78 481276.584 513343.488
179000 1155898138984 10276.73 51383626.13 449112.336 513343.488
180000 1155898139063 10287.48 51437389.27 425803.192 513343.488
181000 1155898139136 10301.65 51508252.7 403129.048 513343.488
182000 1155898139233 10301.69 51508462.1 375350.992 513343.488
183000 1155898139314 10311.02 51555104.8 342318.6 513343.488
184000 1155898139396 10319.69 51598429.61 494259.152 513212.416
185000 1155898139493 10319.63 51598148.04 466447.416 513212.416
186000 1155898139602 10312.71 51563539.59 443299.4 513212.416
187000 1155898139739 10289.99 51449953.23 416388.584 513212.416
188000 1155898139835 10290.66 51453281.52 391643.256 513212.416
189000 1155898139915 10300.29 51501444.22 359949.592 513212.416
190000 1155898140008 10302.57 51512851.1 333905.832 513212.416
191000 1155898140085 10313.73 51568659.21 484019.256 513474.56
192000 1155898140168 10321.47 51607354.05 450446.544 513474.56
193000 1155898140255 10326.93 51634651.4 426036.656 513474.56
194000 1155898140368 10318.05 51590256.36 394898.928 513474.56
195000 1155898140458 10321.83 51609146.73 367888.84 513474.56
196000 1155898140546 10326.66 51633298.21 347930.28 513474.56
197000 1155898140640 10328.2 51640977.25 489427.136 513409.024
198000 1155898140746 10323.25 51616266.94 460332.368 513409.024
199000 1155898140903 10291.15 51455758.39 426697.816 513409.024
200000 1155898141160 10207.21 51036031.44 393391.232 513409.024

-- results:

10.68.28.33:7800 (myself):
num_msgs_expected=200000, num_msgs_received=200000 (loss rate=0.0%), received=1000MB, time=19594ms, msgs/sec=10207.21, throughput=51.04MB/sec

10.68.20.33:7800:
num_msgs_expected=200000, num_msgs_received=200000 (loss rate=0.0%), received=1000MB, time=19592ms, msgs/sec=10208.25, throughput=51.04MB/sec

10.68.24.33:7800:
num_msgs_expected=200000, num_msgs_received=200000 (loss rate=0.0%), received=1000MB, time=19598ms, msgs/sec=10205.12, throughput=51.03MB/sec

10.68.16.33:7800:
num_msgs_expected=200000, num_msgs_received=200000 (loss rate=0.0%), received=1000MB, time=19602ms, msgs/sec=10203.04, throughput=51.02MB/sec

combined: 10205.9 msgs/sec averaged over all receivers

