

----------------------- TEST -----------------------
Date: Fri Aug 15 03:51:08 EDT 2008
Run by: bela

log_interval:	100000
msg_size:	1000
config:	/home/bela/config.txt
transport:	org.jgroups.tests.perf.transports.JGroupsTransport
num_senders:	4
sender:	true
props:	./tcp-2.6.xml
dump_transport_stats:	false
num_msgs:	1000000
processing_delay:	0
num_members:	4
jmx:	false
JGroups version: 2.6.4.CR1


##### msgs_received, current time (in ms), msgs/sec, throughput/sec [KB], free_mem [KB] , total_mem [KB] 
100000 1218786691748 9545.63 9545628.1 218965.752 397869.056
200000 1218786693883 15859.17 15859170.57 369874.016 397869.056
300000 1218786695716 20769.87 20769869.84 237457.4 414973.952
400000 1218786697553 24568.52 24568515.45 311860.92 412352.512
500000 1218786699419 27552.76 27552763.54 354295.24 412745.728
600000 1218786701239 30049.58 30049581.81 193283.328 412745.728
700000 1218786703028 32175.03 32175032.18 208764.912 413007.872
800000 1218786704857 33919.86 33919864.32 276655.472 413007.872
900000 1218786706574 35570.31 35570310.65 232425.24 413007.872
1000000 1218786708346 36935.81 36935805.57 184918.248 413401.088
1100000 1218786710139 38105.8 38105795.55 221633.88 413138.944
1200000 1218786711948 39118.53 39118529.14 243869.424 413466.624
1300000 1218786713725 40057.93 40057929.93 271953.072 413794.304
1400000 1218786715496 40906.97 40906965.87 379450.008 413794.304
1500000 1218786717245 41697.94 41697940.12 252284.272 413204.48
1600000 1218786719041 42362.78 42362784.29 335518.224 412483.584
1700000 1218786720851 42952.07 42952070.54 188578.704 411303.936
1800000 1218786722625 43527.68 43527676.35 265635.888 410845.184
1900000 1218786724433 44021.22 44021222.86 334603.472 410386.432
2000000 1218786726248 44468.16 44468160.8 383264.92 411041.792
2100000 1218786727969 44970.77 44970769 362625.696 404881.408
2200000 1218786729743 45387.96 45387963.94 184358.968 411041.792
2300000 1218786731499 45792.1 45792103.85 300320.624 411041.792
2400000 1218786733276 46150.3 46150296.13 324522.496 411041.792
2500000 1218786735067 46472.72 46472720.51 267699.856 409468.928
2600000 1218786736819 46807.21 46807208.31 281638.552 410845.184
2700000 1218786738633 47070.31 47070309.1 307599.272 411369.472
2800000 1218786740446 47318.08 47318078.89 330946.088 411762.688
2900000 1218786742221 47580.76 47580764.25 345182.048 412155.904
3000000 1218786743966 47851.47 47851469.04 368708.056 412680.192
3100000 1218786745748 48079.91 48079905.7 379184.376 413138.944
3200000 1218786747528 48297.51 48297512.68 244953.0 411697.152
3300000 1218786749272 48529.41 48529411.76 286501.248 412024.832
3400000 1218786751003 48758.8 48758801.68 199740.784 412614.656
3500000 1218786752774 48949.68 48949679.73 332359.592 412680.192
3600000 1218786754851 48927 48927003.63 247119.2 412614.656
3700000 1218786756644 49089.85 49089847.69 380152.536 412942.336
3800000 1218786758533 49183.93 49183934.97 298092.464 413663.232
3900000 1218786760390 49293.46 49293460.4 215528.992 413466.624
4000000 1218786762344 49338.86 49338859.29 351471.896 413925.376

-- results:

172.17.1.13:7800:
num_msgs_expected=4000000, num_msgs_received=4000000 (loss rate=0.0%), received=4GB, time=81073ms, msgs/sec=49338.25, throughput=49.34MB

172.17.0.13:7800 (myself):
num_msgs_expected=4000000, num_msgs_received=4000000 (loss rate=0.0%), received=4GB, time=81072ms, msgs/sec=49338.86, throughput=49.34MB

172.17.2.13:7800:
num_msgs_expected=4000000, num_msgs_received=4000000 (loss rate=0.0%), received=4GB, time=81044ms, msgs/sec=49355.91, throughput=49.36MB

172.17.3.13:7800:
num_msgs_expected=4000000, num_msgs_received=4000000 (loss rate=0.0%), received=4GB, time=81037ms, msgs/sec=49360.17, throughput=49.36MB

combined: 49348.3 msgs/sec averaged over all receivers (throughput=49.35MB/sec)

