

----------------------- TEST -----------------------
Date: Fri Aug 15 03:53:37 EDT 2008
Run by: bela

log_interval:	100000
msg_size:	2500
config:	/home/bela/config.txt
transport:	org.jgroups.tests.perf.transports.JGroupsTransport
num_senders:	4
sender:	true
props:	./tcp-2.6.xml
dump_transport_stats:	false
num_msgs:	1000000
processing_delay:	0
num_members:	4
jmx:	false
JGroups version: 2.6.4.CR1


##### msgs_received, current time (in ms), msgs/sec, throughput/sec [KB], free_mem [KB] , total_mem [KB] 
100000 1218786835557 9984.03 24960063.9 349159.488 397869.056
200000 1218786838921 14947.68 37369207.77 241569.168 415367.168
300000 1218786841899 18339.65 45849125.81 368571.744 415760.384
400000 1218786844934 20626 51564997.68 231757.144 415498.24
500000 1218786847863 22399.43 55998566.44 352820.264 416022.528
600000 1218786850746 23804.8 59512001.59 254015.688 416022.528
700000 1218786853644 24908.37 62270931.93 188641.88 415760.384
800000 1218786856525 25819.78 64549444.87 300301.224 416350.208
900000 1218786859408 26574.54 66436353.97 223031.728 416677.888
1000000 1218786862286 27214.59 68036467.55 343474.04 416808.96
1100000 1218786865165 27760.95 69402382.39 240533.536 417005.568
1200000 1218786868110 28189.53 70473818.98 385600.024 417136.64
1300000 1218786871157 28498.77 71246930.9 242290.48 417071.104
1400000 1218786874171 28788.81 71972033.72 337119.416 417136.64
1500000 1218786877192 29041.06 72602660.16 308067.664 417136.64
1600000 1218786880155 29296.52 73241293.44 226927.328 417202.176
1700000 1218786882995 29588.89 73972221.26 349069.32 417202.176
1800000 1218786885849 29846.79 74616966.24 281610.248 417267.712
1900000 1218786888748 30059.96 75149904.28 221591.64 417267.712
2000000 1218786891703 30228.83 75572080.65 173882.304 417267.712
2100000 1218786894699 30365.25 75913126.46 322242.784 417267.712
2200000 1218786897561 30547.07 76367675.65 223367.064 417267.712
2300000 1218786900511 30678.94 76697345.6 171899.384 417071.104
2400000 1218786903320 30856.66 77141644.92 318698.784 416940.032
2500000 1218786906343 30939.83 77349570.56 180854.672 417005.568
2600000 1218786909289 31045.52 77613793.76 323809.712 417071.104
2700000 1218786912196 31158.04 77895101.26 246470.696 417136.64
2800000 1218786915127 31254.88 78137208.94 350082.16 417202.176
2900000 1218786917943 31384.6 78461505.16 271822.56 417267.712
3000000 1218786920847 31477.56 78693891.26 172706.392 417267.712
3100000 1218786923743 31567.59 78918962.95 286929.376 417267.712
3200000 1218786926686 31637.75 79094369.47 201997.048 417202.176
3300000 1218786929639 31700.9 79252243.08 302765.488 417202.176
3400000 1218786932475 31795.31 79488282.49 229455.6 417202.176
3500000 1218786935414 31854.96 79637399.54 374480.0 417267.712
3600000 1218786938225 31947.75 79869369.21 298951.064 417267.712
3700000 1218786941125 32011.35 80028377.63 243392.92 417267.712
3800000 1218786944092 32053.72 80134288.2 190724.32 417267.712
3900000 1218786947210 32054.18 80135449.46 338570.336 417005.568
4000000 1218786951483 31760.65 79401629.32 328971.256 417071.104

-- results:

172.17.1.13:7800:
num_msgs_expected=4000000, num_msgs_received=4000000 (loss rate=0.0%), received=10GB, time=125924ms, msgs/sec=31765.19, throughput=79.41MB

172.17.0.13:7800 (myself):
num_msgs_expected=4000000, num_msgs_received=4000000 (loss rate=0.0%), received=10GB, time=125942ms, msgs/sec=31760.65, throughput=79.4MB

172.17.2.13:7800:
num_msgs_expected=4000000, num_msgs_received=4000000 (loss rate=0.0%), received=10GB, time=125936ms, msgs/sec=31762.16, throughput=79.41MB

172.17.3.13:7800:
num_msgs_expected=4000000, num_msgs_received=4000000 (loss rate=0.0%), received=10GB, time=125928ms, msgs/sec=31764.18, throughput=79.41MB

combined: 31763.05 msgs/sec averaged over all receivers (throughput=79.41MB/sec)

