

----------------------- TEST -----------------------
Date: Fri Aug 15 03:43:15 EDT 2008
Run by: bela

log_interval:	100000
msg_size:	2500
config:	/home/bela/config.txt
transport:	org.jgroups.tests.perf.transports.JGroupsTransport
num_senders:	4
sender:	true
props:	./udp-2.6.xml
dump_transport_stats:	false
num_msgs:	1000000
processing_delay:	0
num_members:	4
jmx:	false
JGroups version: 2.6.4.CR1


##### msgs_received, current time (in ms), msgs/sec, throughput/sec [KB], free_mem [KB] , total_mem [KB] 
100000 1218786214021 10236.46 25591155.7 311297.368 397869.056
200000 1218786216774 15971.89 39929723.69 327526.704 415301.632
300000 1218786219195 20076.29 50190724.75 369541.296 415170.56
400000 1218786221535 23144.13 57860325.18 270619.128 415236.096
500000 1218786224054 25249.97 63124936.88 208210.152 415367.168
600000 1218786226447 27033.12 67582788.92 259838.96 415694.848
700000 1218786228904 28395.26 70988155.12 187178.16 415760.384
800000 1218786231193 29694.52 74236294.12 302529.392 416088.064
900000 1218786233562 30706.24 76765609.01 340390.712 416350.208
1000000 1218786235985 31512.94 78782340.15 317121.072 416677.888
1100000 1218786238259 32346.28 80865704.12 343397.256 416808.96
1200000 1218786240687 32935.36 82338410.87 203585.52 416874.496
1300000 1218786243144 33425.9 83564743.39 346604.984 416677.888
1400000 1218786245660 33809.89 84524729.52 238646.4 416808.96
1500000 1218786247942 34332.8 85831998.17 182709.536 416874.496
1600000 1218786250450 34633.53 86583834.8 369871.84 416940.032
1700000 1218786253003 34871.08 87177698.92 235699.184 417005.568
1800000 1218786255344 35230.56 88076411.18 306712.576 417071.104
1900000 1218786257898 35417.37 88543414.23 269897.6 417071.104
2000000 1218786260240 35721.94 89304851.04 230850.424 416219.136
2100000 1218786262647 35961.98 89904957.62 292640.776 416808.96
2200000 1218786265094 36159.23 90398080.27 216864.208 416808.96
2300000 1218786267748 36222.75 90556885.47 367300.504 416874.496
2400000 1218786270099 36448.13 91120324.39 259875.736 416940.032
2500000 1218786272637 36557.72 91394311.62 381082.208 417005.568
2600000 1218786275103 36696.73 91741824.39 268786.208 417071.104
2700000 1218786277551 36835.43 92088568.74 192802.4 417005.568
2800000 1218786280079 36926.16 92315402.17 246928.552 416546.816
2900000 1218786282415 37101.95 92754884.02 286471.288 416612.352
3000000 1218786284945 37177.95 92944865.11 379601.6 416743.424
3100000 1218786287612 37188.1 92970249.52 246871.016 416743.424
3200000 1218786290203 37230.52 93076287.65 319721.712 416284.672
3300000 1218786292604 37350.6 93376494.02 231191.608 416743.424
3400000 1218786295129 37413.21 93533017.16 373041.432 416874.496
3500000 1218786297569 37506.56 93766409.12 247682.808 416874.496
3600000 1218786299873 37648.63 94121584.17 300053.048 416808.96
3700000 1218786302478 37668.23 94170586.2 166240.416 416874.496
3800000 1218786305390 37572.43 93931064.49 268802.544 416940.032
3900000 1218786307915 37621.91 94054773.64 208961.68 417005.568
4000000 1218786310363 37696.37 94240936.38 293188.64 417005.568

-- results:

172.17.3.13:47280:
num_msgs_expected=4000000, num_msgs_received=4000000 (loss rate=0.0%), received=10GB, time=106104ms, msgs/sec=37698.86, throughput=94.25MB

172.17.0.13:51377 (myself):
num_msgs_expected=4000000, num_msgs_received=4000000 (loss rate=0.0%), received=10GB, time=106111ms, msgs/sec=37696.37, throughput=94.24MB

172.17.2.13:47440:
num_msgs_expected=4000000, num_msgs_received=4000000 (loss rate=0.0%), received=10GB, time=106120ms, msgs/sec=37693.18, throughput=94.23MB

172.17.1.13:49924:
num_msgs_expected=4000000, num_msgs_received=4000000 (loss rate=0.0%), received=10GB, time=106125ms, msgs/sec=37691.4, throughput=94.23MB

combined: 37694.95 msgs/sec averaged over all receivers (throughput=94.24MB/sec)

