

----------------------- TEST -----------------------
Date: Fri Aug 15 03:46:07 EDT 2008
Run by: bela

log_interval:	100000
msg_size:	5000
config:	/home/bela/config.txt
transport:	org.jgroups.tests.perf.transports.JGroupsTransport
num_senders:	4
sender:	true
props:	./udp-2.6.xml
dump_transport_stats:	false
num_msgs:	1000000
processing_delay:	0
num_members:	4
jmx:	false
JGroups version: 2.6.4.CR1


##### msgs_received, current time (in ms), msgs/sec, throughput/sec [KB], free_mem [KB] , total_mem [KB] 
100000 1218786385945 10054.29 50271465.92 396920.44 415301.632
200000 1218786390601 13696.75 68483769.35 355479.912 415825.92
300000 1218786395131 15680.54 78402676.14 279017.56 416088.064
400000 1218786399482 17033.6 85167993.87 352865.48 416481.28
500000 1218786404381 17616.8 88083996.9 235232.856 416808.96
600000 1218786408928 18221.02 91105104.92 262212.976 416481.28
700000 1218786413147 18843.54 94217723.7 338335.536 416612.352
800000 1218786418097 19003.28 95016390.33 189117.416 416743.424
900000 1218786422280 19446.43 97232125.49 204766.528 416808.96
1000000 1218786426643 19745.68 98728378.49 375106.456 416808.96
1100000 1218786431069 19974.58 99872889.05 197449.032 416940.032
1200000 1218786435602 20133.21 100666073.86 314833.328 417005.568
1300000 1218786440300 20217.41 101087074.85 380457.704 417005.568
1400000 1218786444549 20423.05 102115244.35 323615.384 416743.424
1500000 1218786448777 20610.62 103053120.45 190183.8 416808.96
1600000 1218786453096 20753.08 103765386.46 282372.392 416612.352
1700000 1218786457601 20832.82 104164113.62 382410.552 416612.352
1800000 1218786461876 20960.21 104801052.67 281131.08 416677.888
1900000 1218786466288 21043.54 105217689.86 387043.0 416808.96
2000000 1218786471003 21051.75 105258725.95 187562.496 416808.96
2100000 1218786475438 21118.47 105592373.21 242396.552 416546.816
2200000 1218786479783 21197.87 105989362.52 382114.432 416743.424
2300000 1218786484441 21209.49 106047472.38 374303.336 415891.456
2400000 1218786489197 21201.79 106008940.09 188629.984 416546.816
2500000 1218786493514 21273.88 106369399.65 280619.32 416808.96
2600000 1218786497772 21351.2 106756013.24 220132.2 416940.032
2700000 1218786502253 21385.46 106927305.27 285462.216 417071.104
2800000 1218786506738 21416.72 107083578.73 206594.576 417136.64
2900000 1218786511011 21479.57 107397860.93 275328.152 417005.568
3000000 1218786515549 21497.67 107488355.43 329826.0 415367.168
3100000 1218786519950 21535.11 107675528.48 346756.56 416743.424
3200000 1218786524432 21558.55 107792741.51 242691.704 416808.96
3300000 1218786528789 21598.27 107991360.69 227874.576 416940.032
3400000 1218786533736 21554.87 107774333.23 353389.104 416743.424
3500000 1218786538331 21560.75 107803760.2 213513.92 416743.424
3600000 1218786543240 21525.82 107629110.09 330401.12 416677.888
3700000 1218786547836 21532.03 107660166.32 350416.024 416612.352
3800000 1218786552257 21559.31 107796525.55 271473.456 416677.888
3900000 1218786556776 21573.54 107867704.41 369259.848 416612.352
4000000 1218786561320 21584.17 107920850.85 366389.88 416546.816

-- results:

172.17.3.13:47281:
num_msgs_expected=4000000, num_msgs_received=4000000 (loss rate=0.0%), received=20GB, time=185286ms, msgs/sec=21588.25, throughput=107.94MB

172.17.0.13:51378 (myself):
num_msgs_expected=4000000, num_msgs_received=4000000 (loss rate=0.0%), received=20GB, time=185320ms, msgs/sec=21584.29, throughput=107.92MB

172.17.1.13:49925:
num_msgs_expected=4000000, num_msgs_received=4000000 (loss rate=0.0%), received=20GB, time=185306ms, msgs/sec=21585.92, throughput=107.93MB

172.17.2.13:47441:
num_msgs_expected=4000000, num_msgs_received=4000000 (loss rate=0.0%), received=20GB, time=185324ms, msgs/sec=21583.82, throughput=107.92MB

combined: 21585.57 msgs/sec averaged over all receivers (throughput=107.92MB/sec)

