

----------------------- TEST -----------------------
Date: Fri Aug 15 03:56:07 EDT 2008
Run by: bela

log_interval:	100000
msg_size:	5000
config:	/home/bela/config.txt
transport:	org.jgroups.tests.perf.transports.JGroupsTransport
num_senders:	4
sender:	true
props:	./tcp-2.6.xml
dump_transport_stats:	false
num_msgs:	1000000
processing_delay:	0
num_members:	4
jmx:	false
JGroups version: 2.6.4.CR1


##### msgs_received, current time (in ms), msgs/sec, throughput/sec [KB], free_mem [KB] , total_mem [KB] 
100000 1218786985790 9721.95 48609760.84 373333.336 415563.776
200000 1218786991665 12375.47 61877359.07 316378.584 415825.92
300000 1218786997136 13868.34 69341715.98 208406.144 416088.064
400000 1218787002621 14750.89 73754471.36 385336.688 416743.424
500000 1218787007855 15455.47 77277363.91 294510.272 417005.568
600000 1218787013263 15890.25 79451256.65 178706.232 416940.032
700000 1218787018635 16229.63 81148130.12 277183.184 417071.104
800000 1218787023989 16499.95 82499742.19 184495.248 417005.568
900000 1218787029322 16723.03 83615147.35 342517.832 416940.032
1000000 1218787035002 16807.29 84036438.2 231082.032 417005.568
1100000 1218787040457 16935.32 84676612.32 335595.152 417136.64
1200000 1218787045981 17026.83 85134157.24 262795.568 417202.176
1300000 1218787051569 17090.65 85453230.79 204292.68 417267.712
1400000 1218787056919 17195.85 85979242.15 374583.264 417267.712
1500000 1218787062336 17274.74 86373687.12 356067.04 417267.712
1600000 1218787067545 17383.56 86917786.64 280899.488 416808.96
1700000 1218787073001 17436.43 87182169.71 239096.936 417005.568
1800000 1218787078297 17510.92 87554600.02 178932.096 416940.032
1900000 1218787083791 17545.97 87729829.07 357054.32 416874.496
2000000 1218787089237 17585.05 87925228.39 304185.12 416808.96
2100000 1218787094746 17611.24 88056221.8 237518.552 415105.024
2200000 1218787100239 17637.39 88186956.35 347400.56 416677.888
2300000 1218787105527 17689.18 88445890.34 278126.92 416612.352
2400000 1218787110925 17722.51 88612549.01 250456.96 416481.28
2500000 1218787116205 17768.18 88840875.33 361571.632 416677.888
2600000 1218787121477 17811.51 89057565.44 317739.552 416940.032
2700000 1218787126956 17827.43 89137152.37 270456.944 417071.104
2800000 1218787132311 17856.35 89281728.49 183490.008 417202.176
2900000 1218787137737 17875.52 89377623.54 378309.752 416743.424
3000000 1218787143214 17888.02 89440104.94 359290.2 416743.424
3100000 1218787148652 17903.76 89518793.17 307428.96 416874.496
3200000 1218787154227 17904.8 89524012.02 244334.768 417071.104
3300000 1218787159629 17922.61 89613034.62 175888.936 417136.64
3400000 1218787165247 17918.97 89594873.07 353577.2 417202.176
3500000 1218787170722 17928.67 89643373.05 273987.48 417071.104
3600000 1218787176000 17955.47 89777352.17 252754.344 417071.104
3700000 1218787181584 17954.19 89770962.73 368104.816 417005.568
3800000 1218787186945 17971.92 89859582.58 306705.224 416940.032
3900000 1218787192282 17990.76 89953777.6 255763.168 417005.568
4000000 1218787198871 17907.75 89538741.17 330074.608 416808.96

-- results:

172.17.1.13:7800:
num_msgs_expected=4000000, num_msgs_received=4000000 (loss rate=0.0%), received=20GB, time=223368ms, msgs/sec=17907.67, throughput=89.54MB

172.17.0.13:7800 (myself):
num_msgs_expected=4000000, num_msgs_received=4000000 (loss rate=0.0%), received=20GB, time=223366ms, msgs/sec=17907.83, throughput=89.54MB

172.17.2.13:7800:
num_msgs_expected=4000000, num_msgs_received=4000000 (loss rate=0.0%), received=20GB, time=223372ms, msgs/sec=17907.35, throughput=89.54MB

172.17.3.13:7800:
num_msgs_expected=4000000, num_msgs_received=4000000 (loss rate=0.0%), received=20GB, time=223365ms, msgs/sec=17907.91, throughput=89.54MB

combined: 17907.69 msgs/sec averaged over all receivers (throughput=89.54MB/sec)

