

----------------------- TEST -----------------------
Date: Tue Aug 22 03:35:24 EDT 2006
Run by: bela

log_interval:	20000
msg_size:	1000
config:	./config_4_8_1000.txt
transport:	org.jgroups.tests.perf.transports.JGroupsTransport
num_senders:	4
sender:	false
props:	/home/bela/tcp_nio.xml
num_msgs:	250000
num_members:	8
JGroups version: 2.4CR1


##### msgs_received, current time (in ms), msgs/sec, throughput/sec [KB], free_mem [KB] , total_mem [KB] 
20000 1156232127996 12650.22 12650221.38 400425.744 499712.0
40000 1156232129014 15390.53 15390534.82 464815.992 499712.0
60000 1156232129981 16825.57 16825574.87 388059.76 499712.0
80000 1156232131255 16528.93 16528925.62 450708.36 499712.0
100000 1156232132000 17905.1 17905102.95 373488.136 499712.0
120000 1156232132759 18915.51 18915510.72 435614.136 499712.0
140000 1156232133199 20636.79 20636792.45 359088.208 499712.0
160000 1156232133698 21968.97 21968968.83 422803.312 499712.0
180000 1156232134211 23088.76 23088763.47 489235.032 499712.0
200000 1156232134736 24035.57 24035572.65 407969.152 499712.0
220000 1156232135265 24858.76 24858757.06 492234.736 519045.12
240000 1156232135837 25472.3 25472298.87 413614.048 519045.12
260000 1156232136271 26379.87 26379870.13 335228.752 519045.12
280000 1156232136799 26964.56 26964560.86 438755.008 519045.12
300000 1156232137317 27517.89 27517886.63 360612.248 519045.12
320000 1156232137795 28119.51 28119507.91 463043.6 519045.12
340000 1156232138287 28638.81 28638814.02 385109.832 519045.12
360000 1156232138743 29201.82 29201817 488202.952 519045.12
380000 1156232139234 29643.5 29643497.93 410247.256 519045.12
400000 1156232139743 30012 30012004.8 332282.712 519045.12
420000 1156232140182 30507.74 30507735.89 434677.304 519045.12
440000 1156232140588 31044.94 31044944.61 357088.072 519045.12
460000 1156232141067 31395.03 31395031.4 458177.392 519045.12
480000 1156232141581 31649.74 31649742.85 380584.616 519045.12
500000 1156232142070 31938.68 31938677.74 483973.24 518651.904
520000 1156232142586 32156.33 32156329.23 406268.368 518651.904
540000 1156232143069 32424.64 32424642.73 328202.424 518651.904
560000 1156232143544 32693.09 32693093.58 429303.512 518848.512
580000 1156232144035 32917.14 32917139.61 351987.288 518848.512
600000 1156232144492 33191.35 33191348.12 453191.888 518848.512
620000 1156232144917 33509.89 33509890.82 374882.488 518848.512
640000 1156232145469 33588.75 33588747.77 477256.736 517603.328
660000 1156232145971 33749.23 33749232.97 400018.32 517603.328
680000 1156232146431 33972.82 33972821.74 501697.648 518520.832
700000 1156232146907 34159.67 34159672.07 425177.816 518520.832
720000 1156232147417 34282.45 34282449.29 347138.128 518520.832
740000 1156232147882 34471.51 34471514.42 447240.632 517079.04
760000 1156232148383 34595.78 34595775.67 369385.128 517079.04
780000 1156232148853 34762.46 34762456.55 472160.752 518389.76
800000 1156232149337 34900.97 34900968.5 394809.16 518389.76
820000 1156232149770 35110.25 35110254.76 494717.544 515768.32
840000 1156232150211 35300.05 35300050.43 416869.96 515768.32
860000 1156232150708 35401.14 35401144.36 338752.336 515768.32
880000 1156232151226 35468.14 35468139.13 441748.488 518324.224
900000 1156232151755 35516.97 35516969.22 363203.92 518324.224
920000 1156232152273 35578.93 35578931.09 464835.688 518324.224
940000 1156232152856 35550.85 35550849.06 386004.264 518324.224
960000 1156232153497 35447.9 35447898.97 487669.952 518455.296
980000 1156232154211 35256.87 35256871.49 410043.112 518455.296
1000000 1156232155554 34318.27 34318267.61 332140.712 518455.296

-- results:

10.68.12.33:7800:
num_msgs_expected=1000000, num_msgs_received=1000000 (loss rate=0.0%), received=1000MB, time=29154ms, msgs/sec=34300.61, throughput=34.3MB/sec

10.68.8.33:7800:
num_msgs_expected=1000000, num_msgs_received=1000000 (loss rate=0.0%), received=1000MB, time=29153ms, msgs/sec=34301.79, throughput=34.3MB/sec

10.68.16.33:7800:
num_msgs_expected=1000000, num_msgs_received=1000000 (loss rate=0.0%), received=1000MB, time=29156ms, msgs/sec=34298.26, throughput=34.3MB/sec

10.68.4.33:7800:
num_msgs_expected=1000000, num_msgs_received=1000000 (loss rate=0.0%), received=1000MB, time=29145ms, msgs/sec=34311.2, throughput=34.31MB/sec

10.68.0.33:7800:
num_msgs_expected=1000000, num_msgs_received=1000000 (loss rate=0.0%), received=1000MB, time=29155ms, msgs/sec=34299.43, throughput=34.3MB/sec

10.68.28.33:7800 (myself):
num_msgs_expected=1000000, num_msgs_received=1000000 (loss rate=0.0%), received=1000MB, time=29139ms, msgs/sec=34318.27, throughput=34.32MB/sec

10.68.20.33:7800:
num_msgs_expected=1000000, num_msgs_received=1000000 (loss rate=0.0%), received=1000MB, time=29150ms, msgs/sec=34305.32, throughput=34.31MB/sec

10.68.24.33:7800:
num_msgs_expected=1000000, num_msgs_received=1000000 (loss rate=0.0%), received=1000MB, time=29153ms, msgs/sec=34301.79, throughput=34.3MB/sec

combined: 34304.58 msgs/sec averaged over all receivers (throughput=34.3MB/sec)

