

----------------------- TEST -----------------------
Date: Tue Aug 22 03:27:59 EDT 2006
Run by: bela

log_interval:	20000
msg_size:	1000
config:	./config_1_8_1000.txt
transport:	org.jgroups.tests.perf.transports.JGroupsTransport
num_senders:	1
sender:	false
props:	/home/bela/tcp_nio.xml
num_msgs:	1000000
num_members:	8
JGroups version: 2.4CR1


##### msgs_received, current time (in ms), msgs/sec, throughput/sec [KB], free_mem [KB] , total_mem [KB] 
20000 1156231683717 9555.66 9555661.73 405034.856 499712.0
40000 1156231685535 10227.56 10227563.28 463444.384 499712.0
60000 1156231686839 11505.27 11505273.25 386173.168 499712.0
80000 1156231688139 12279.36 12279355.33 448301.232 499712.0
100000 1156231689461 12759.98 12759984.69 370593.136 499712.0
120000 1156231690785 13099.01 13099006.66 433627.504 499712.0
140000 1156231692132 13323.18 13323182.34 355657.208 499712.0
160000 1156231693464 13513.51 13513513.51 418753.04 499712.0
180000 1156231694809 13651.88 13651877.13 481388.008 499712.0
200000 1156231696096 13819.79 13819789.94 403576.368 499712.0
220000 1156231697472 13881.88 13881877.84 486391.096 519045.12
240000 1156231698828 13950.24 13950244.13 408270.008 519045.12
260000 1156231700172 14017.68 14017683.85 330044.248 519045.12
280000 1156231701521 14072.47 14072473.24 431917.912 519045.12
300000 1156231702847 14135.61 14135607.6 353942.936 519045.12
320000 1156231704180 14186.91 14186912.57 455759.856 519045.12
340000 1156231705547 14212.26 14212264.35 377698.984 519045.12
360000 1156231706848 14272.12 14272121.79 479538.232 519045.12
380000 1156231708167 14316.39 14316392.27 402257.088 519045.12
400000 1156231709450 14375.04 14375044.92 502870.264 519045.12
420000 1156231710755 14417.63 14417630.7 426289.144 519045.12
440000 1156231712054 14459.42 14459415.05 348317.24 519045.12
460000 1156231713340 14503.72 14503720.52 448659.84 519045.12
480000 1156231714640 14538.41 14538405.62 371106.592 519045.12
500000 1156231715961 14561.55 14561551.68 472547.52 519045.12
520000 1156231717235 14602.23 14602229.65 394822.688 519045.12
540000 1156231718549 14624.24 14624238.32 496974.648 517996.544
560000 1156231719836 14655.08 14655082.17 419089.056 517996.544
580000 1156231721144 14676.11 14676113.36 341127.56 517996.544
600000 1156231722480 14685.73 14685725.47 443718.32 518586.368
620000 1156231723912 14661.37 14661369.66 365602.792 518586.368
640000 1156231725278 14660.74 14660741.28 465831.808 517341.184
660000 1156231726675 14650.06 14650063.26 387220.424 517341.184
680000 1156231728096 14632.47 14632466.86 488762.72 518455.296
700000 1156231729494 14622.94 14622937.12 410589.12 518455.296
720000 1156231730891 14614.24 14614244.83 333342.856 518455.296
740000 1156231732380 14579.56 14579557.1 433350.2 518520.832
760000 1156231733808 14563.85 14563850.99 355937.608 518520.832
780000 1156231735445 14492.48 14492484.35 457289.104 518520.832
800000 1156231736905 14471.52 14471518.24 379632.88 518520.832
820000 1156231738435 14433.82 14433824.44 480150.904 518520.832
840000 1156231740061 14374.45 14374454.54 401963.424 518520.832
860000 1156231741555 14349.84 14349835.64 501620.136 518520.832
880000 1156231743061 14323.62 14323616.06 425238.808 518520.832
900000 1156231744691 14270.54 14270537.68 347233.728 518520.832
920000 1156231746174 14252.52 14252517.43 447683.208 518520.832
940000 1156231747843 14195.32 14195321.58 370093.04 518520.832
960000 1156231749302 14184.82 14184816.34 470793.0 518586.368
980000 1156231750770 14172.91 14172909.5 393035.328 518586.368
1000000 1156231752149 14179.37 14179369.02 493648.752 518586.368

-- results:

10.68.12.33:7800:
num_msgs_expected=1000000, num_msgs_received=1000000 (loss rate=0.0%), received=1000MB, time=71134ms, msgs/sec=14057.98, throughput=14.06MB/sec

10.68.8.33:7800:
num_msgs_expected=1000000, num_msgs_received=1000000 (loss rate=0.0%), received=1000MB, time=71121ms, msgs/sec=14060.54, throughput=14.06MB/sec

10.68.16.33:7800:
num_msgs_expected=1000000, num_msgs_received=1000000 (loss rate=0.0%), received=1000MB, time=71105ms, msgs/sec=14063.71, throughput=14.06MB/sec

10.68.4.33:7800:
num_msgs_expected=1000000, num_msgs_received=1000000 (loss rate=0.0%), received=1000MB, time=71231ms, msgs/sec=14038.83, throughput=14.04MB/sec

10.68.0.33:7800:
num_msgs_expected=1000000, num_msgs_received=1000000 (loss rate=0.0%), received=1000MB, time=70811ms, msgs/sec=14122.1, throughput=14.12MB/sec

10.68.28.33:7800 (myself):
num_msgs_expected=1000000, num_msgs_received=1000000 (loss rate=0.0%), received=1000MB, time=70525ms, msgs/sec=14179.37, throughput=14.18MB/sec

10.68.20.33:7800:
num_msgs_expected=1000000, num_msgs_received=1000000 (loss rate=0.0%), received=1000MB, time=71245ms, msgs/sec=14036.07, throughput=14.04MB/sec

10.68.24.33:7800:
num_msgs_expected=1000000, num_msgs_received=1000000 (loss rate=0.0%), received=1000MB, time=71139ms, msgs/sec=14056.99, throughput=14.06MB/sec

combined: 14076.95 msgs/sec averaged over all receivers (throughput=14.08MB/sec)

