

----------------------- TEST -----------------------
Date: Tue Aug 22 03:40:20 EDT 2006
Run by: bela

log_interval:	20000
msg_size:	1000
config:	./config_8_8_1000.txt
transport:	org.jgroups.tests.perf.transports.JGroupsTransport
num_senders:	8
sender:	true
props:	/home/bela/tcp_nio.xml
num_msgs:	125000
num_members:	8
JGroups version: 2.4CR1


##### msgs_received, current time (in ms), msgs/sec, throughput/sec [KB], free_mem [KB] , total_mem [KB] 
20000 1156232423933 11312.22 11312217.19 366148.04 499712.0
40000 1156232424587 16515.28 16515276.63 404250.592 499712.0
60000 1156232425218 19652.8 19652800.52 439713.44 499712.0
80000 1156232425778 22142.26 22142264.05 339587.024 499712.0
100000 1156232426314 24102.19 24102193.3 383735.376 499712.0
120000 1156232426772 26047.32 26047319.3 448737.744 499712.0
140000 1156232427209 27755.75 27755749.41 352181.976 499712.0
160000 1156232427593 29476.79 29476787.03 414492.792 498204.672
180000 1156232427958 31071.98 31071983.43 467052.392 498466.816
200000 1156232428228 32986.97 32986970.15 385450.216 498466.816
220000 1156232428554 34434.18 34434183.75 423685.392 477691.904
240000 1156232428867 35810.21 35810205.91 331036.104 477691.904
260000 1156232429286 36511.73 36511725.88 385914.136 495190.016
280000 1156232429723 37046.84 37046837.79 418399.584 495714.304
300000 1156232430051 38042.1 38042099.92 458577.432 496893.952
320000 1156232430436 38689.4 38689396.69 368181.072 496893.952
340000 1156232430820 39283.65 39283651.07 406064.088 495976.448
360000 1156232431291 39447.73 39447731.76 406167.032 497745.92
380000 1156232431637 40118.24 40118243.24 444028.952 496893.952
400000 1156232431931 40958.43 40958427.2 362841.824 496893.952
420000 1156232432299 41444.64 41444641.8 418417.8 497221.632
440000 1156232432712 41718.02 41718024.08 453316.008 496959.488
460000 1156232433148 41882.91 41882909.95 468239.072 498466.816
480000 1156232433502 42339.24 42339243.19 372411.728 498466.816
500000 1156232433864 42738.7 42738695.62 420884.504 497418.24
520000 1156232434251 43024.99 43024987.59 451311.872 498466.816
540000 1156232434581 43492.27 43492268.04 358317.096 498466.816
560000 1156232434965 43750 43750000 404699.576 498532.352
580000 1156232435329 44059.56 44059556.37 447832.016 500170.752
600000 1156232435660 44460.91 44460911.45 362280.744 500170.752
620000 1156232436036 44697.57 44697570.47 407487.096 499056.64
640000 1156232436478 44714.6 44714595.12 437695.32 499974.144
660000 1156232436800 45097.37 45097369.32 348025.648 499974.144
680000 1156232437159 45351.47 45351473.92 388256.6 500301.824
700000 1156232437523 45578.85 45578851.41 430463.136 501874.688
720000 1156232437909 45731.71 45731707.32 461266.904 500760.576
740000 1156232438236 46045.67 46045672.33 369350.96 500760.576
760000 1156232438572 46321.69 46321691.96 427675.008 502333.44
780000 1156232438958 46447.92 46447924.73 478016.184 502202.368
800000 1156232439347 46560.35 46560353.86 377487.856 502202.368
820000 1156232439762 46598.85 46598852.08 432443.072 503382.016
840000 1156232440142 46726.37 46726372.59 483841.624 502923.264
860000 1156232440490 46930.42 46930422.92 383036.912 502923.264
880000 1156232440902 46965.9 46965896.35 432295.688 503775.232
900000 1156232441273 47100.69 47100690.81 343647.096 503775.232
920000 1156232441724 47037.17 47037169.59 376009.648 503709.696
940000 1156232442136 47068.25 47068248.96 408031.896 504954.88
960000 1156232442514 47176.77 47176765.44 472271.368 503971.84
980000 1156232443225 46533.71 46533713.2 468982.336 505806.848
1000000 1156232444252 45275.5 45275501.43 425003.984 505151.488

-- results:

10.68.12.33:7800:
num_msgs_expected=1000000, num_msgs_received=1000000 (loss rate=0.0%), received=1000MB, time=22128ms, msgs/sec=45191.61, throughput=45.19MB/sec

10.68.8.33:7800:
num_msgs_expected=1000000, num_msgs_received=1000000 (loss rate=0.0%), received=1000MB, time=22127ms, msgs/sec=45193.65, throughput=45.19MB/sec

10.68.16.33:7800:
num_msgs_expected=1000000, num_msgs_received=1000000 (loss rate=0.0%), received=1000MB, time=22132ms, msgs/sec=45183.44, throughput=45.18MB/sec

10.68.4.33:7800:
num_msgs_expected=1000000, num_msgs_received=1000000 (loss rate=0.0%), received=1000MB, time=22126ms, msgs/sec=45195.7, throughput=45.2MB/sec

10.68.0.33:7800:
num_msgs_expected=1000000, num_msgs_received=1000000 (loss rate=0.0%), received=1000MB, time=22125ms, msgs/sec=45197.74, throughput=45.2MB/sec

10.68.28.33:7800 (myself):
num_msgs_expected=1000000, num_msgs_received=1000000 (loss rate=0.0%), received=1000MB, time=22087ms, msgs/sec=45275.5, throughput=45.28MB/sec

10.68.20.33:7800:
num_msgs_expected=1000000, num_msgs_received=1000000 (loss rate=0.0%), received=1000MB, time=22125ms, msgs/sec=45197.74, throughput=45.2MB/sec

10.68.24.33:7800:
num_msgs_expected=1000000, num_msgs_received=1000000 (loss rate=0.0%), received=1000MB, time=22132ms, msgs/sec=45183.44, throughput=45.18MB/sec

combined: 45202.35 msgs/sec averaged over all receivers (throughput=45.2MB/sec)

