

----------------------- TEST -----------------------
Date: Fri Aug 15 04:22:08 EDT 2008
Run by: bela

log_interval:	100000
msg_size:	1000
config:	/home/bela/config.txt
transport:	org.jgroups.tests.perf.transports.JGroupsTransport
num_senders:	6
sender:	true
props:	./tcp-2.6.xml
dump_transport_stats:	false
num_msgs:	1000000
processing_delay:	0
num_members:	6
jmx:	false
JGroups version: 2.6.4.CR1


##### msgs_received, current time (in ms), msgs/sec, throughput/sec [KB], free_mem [KB] , total_mem [KB] 
100000 1218788555757 7815.55 7815552.95 345270.136 397869.056
200000 1218788557811 13468.92 13468920.47 302668.312 397869.056
300000 1218788559896 17715.84 17715837.96 320070.84 415498.24
400000 1218788561922 21097.05 21097046.41 353982.784 415432.704
500000 1218788563922 23854.96 23854961.83 391944.792 415432.704
600000 1218788565957 26092.63 26092628.83 210021.208 415498.24
700000 1218788568055 27896.23 27896226.04 249411.808 415563.776
800000 1218788570017 29569.4 29569395.68 273956.712 415694.848
900000 1218788572146 30838.82 30838815.79 316545.36 415825.92
1000000 1218788574220 31991.81 31991810.1 360616.672 416022.528
1100000 1218788576274 33021.13 33021133.53 398531.816 416153.6
1200000 1218788578324 33934.73 33934732.2 216181.872 416088.064
1300000 1218788580382 34740.78 34740780.33 256300.944 416088.064
1400000 1218788582434 35468.18 35468179.98 300337.632 416219.136
1500000 1218788584527 36088.05 36088054.85 355102.92 416415.744
1600000 1218788586550 36707.35 36707350.65 190070.472 416022.528
1700000 1218788588685 37180.41 37180412.48 211667.424 413532.16
1800000 1218788590754 37663.21 37663207.23 244972.352 412680.192
1900000 1218788592842 38091.42 38091419.41 273405.896 412090.368
2000000 1218788594922 38491.15 38491147.04 295005.088 410910.72
2100000 1218788597016 38850.04 38850038.85 312229.072 411893.76
2200000 1218788599093 39194.03 39194028.26 329728.424 410910.72
2300000 1218788601187 39501.93 39501932.16 350455.768 411369.472
2400000 1218788603264 39799.67 39799674.97 374113.504 410714.112
2500000 1218788605316 40093.66 40093658.79 195613.68 411762.688
2600000 1218788607422 40335.09 40335091.53 215877.592 412286.976
2700000 1218788609526 40562.47 40562466.2 227196.992 412483.584
2800000 1218788611589 40800.27 40800268.12 261307.856 412680.192
2900000 1218788613648 41026.51 41026511.61 298681.168 412876.8
3000000 1218788615790 41192.95 41192947.77 308298.176 413204.48
3100000 1218788617860 41389.62 41389623.22 340609.992 413138.944
3200000 1218788619921 41580.58 41580581.87 373347.464 413204.48
3300000 1218788621965 41770.57 41770565.67 189166.384 413204.48
3400000 1218788624040 41934.93 41934926.86 219777.016 413138.944
3500000 1218788626102 42097.67 42097666.59 254566.208 413204.48
3600000 1218788628171 42249.06 42249058.2 283540.56 413138.944
3700000 1218788630111 42456.02 42456023.59 249668.192 408289.28
3800000 1218788632231 42567.97 42567968.72 375949.992 406978.56
3900000 1218788634231 42730.83 42730828.65 292409.464 411893.76
4000000 1218788636302 42854.08 42854081.85 202779.872 411959.296
4100000 1218788638353 42980.99 42980994.01 327597.656 411959.296
4200000 1218788640469 43073.83 43073830.6 238809.448 412221.44
4300000 1218788642552 43177.03 43177025.81 365460.984 412549.12
4400000 1218788644588 43296.01 43296006.93 276168.52 412352.512
4500000 1218788646694 43381.02 43381020.32 190717.416 413073.408
4600000 1218788648698 43504.58 43504577.44 320251.728 413401.088
4700000 1218788650799 43584.3 43584298.52 233985.984 413204.48
4800000 1218788652874 43671.3 43671300.68 365891.416 413597.696
4900000 1218788654849 43794.19 43794185.2 281172.44 414121.984
5000000 1218788656893 43886.21 43886211.83 196506.56 413990.912
5100000 1218788658948 43970.82 43970824.06 332644.424 414318.592
5200000 1218788660985 44059.21 44059208.8 249043.536 414515.2
5300000 1218788662932 44177.71 44177711.09 384108.584 414842.88
5400000 1218788664867 44296.79 44296788.48 299900.488 414580.736
5500000 1218788666876 44385.62 44385622.29 217878.288 415301.632
5600000 1218788668856 44481.87 44481865.7 356926.376 415694.848
5700000 1218788670854 44568.85 44568854.97 275443.08 415498.24
5800000 1218788672905 44634.96 44634955.33 195940.76 415825.92
5900000 1218788674888 44722.04 44722041.14 337080.824 415891.456
6000000 1218788677331 44653.16 44653156.61 256471.776 415825.92

-- results:

172.17.1.13:7800:
num_msgs_expected=6000000, num_msgs_received=6000000 (loss rate=0.0%), received=6GB, time=134369ms, msgs/sec=44653.16, throughput=44.65MB

172.17.4.13:7800:
num_msgs_expected=6000000, num_msgs_received=6000000 (loss rate=0.0%), received=6GB, time=134359ms, msgs/sec=44656.48, throughput=44.66MB

172.17.0.13:7800 (myself):
num_msgs_expected=6000000, num_msgs_received=6000000 (loss rate=0.0%), received=6GB, time=134369ms, msgs/sec=44653.16, throughput=44.65MB

172.17.5.13:7800:
num_msgs_expected=6000000, num_msgs_received=6000000 (loss rate=0.0%), received=6GB, time=134331ms, msgs/sec=44665.79, throughput=44.67MB

172.17.2.13:7800:
num_msgs_expected=6000000, num_msgs_received=6000000 (loss rate=0.0%), received=6GB, time=134365ms, msgs/sec=44654.49, throughput=44.65MB

172.17.3.13:7800:
num_msgs_expected=6000000, num_msgs_received=6000000 (loss rate=0.0%), received=6GB, time=134367ms, msgs/sec=44653.82, throughput=44.65MB

combined: 44656.15 msgs/sec averaged over all receivers (throughput=44.66MB/sec)

