

----------------------- TEST -----------------------
Date: Fri Aug 15 04:26:51 EDT 2008
Run by: bela

log_interval:	100000
msg_size:	2500
config:	/home/bela/config.txt
transport:	org.jgroups.tests.perf.transports.JGroupsTransport
num_senders:	6
sender:	true
props:	./tcp-2.6.xml
dump_transport_stats:	false
num_msgs:	1000000
processing_delay:	0
num_members:	6
jmx:	false
JGroups version: 2.6.4.CR1


##### msgs_received, current time (in ms), msgs/sec, throughput/sec [KB], free_mem [KB] , total_mem [KB] 
100000 1218788833586 8359.81 20899515.13 297946.08 397869.056
200000 1218788837066 12951.69 32379225.49 396505.664 415432.704
300000 1218788840322 16044.5 40111241.84 309399.872 415563.776
400000 1218788843422 18350.31 45875768.42 211642.616 415432.704
500000 1218788846482 20114.25 50285622.33 347783.976 415760.384
600000 1218788849498 21525.44 53813589.73 273868.128 416088.064
700000 1218788852608 22592.31 56480764.27 181926.52 416415.744
800000 1218788855634 23522.49 58806233.46 326897.016 416743.424
900000 1218788858622 24325.64 60814098.06 256482.512 416743.424
1000000 1218788861739 24928.33 62320827.62 206014.464 416743.424
1100000 1218788864805 25474.17 63685417.2 353312.128 416940.032
1200000 1218788867865 25951 64877489.67 299599.0 416743.424
1300000 1218788870825 26422.23 66055567.98 240833.424 416743.424
1400000 1218788873846 26808.62 67021561.79 372729.104 416743.424
1500000 1218788876908 27132.62 67831560.67 315446.176 416808.96
1600000 1218788879977 27419.33 68548318 234339.416 416874.496
1700000 1218788882941 27724.77 69311936.33 176080.768 417005.568
1800000 1218788885951 27982.03 69955073.3 320395.576 416677.888
1900000 1218788888979 28208.74 70521861.78 233971.864 416546.816
2000000 1218788892048 28399.41 70998523.23 182377.872 416677.888
2100000 1218788895145 28563.27 71408169.09 308927.744 416743.424
2200000 1218788898123 28758.55 71896364.66 241691.968 416874.496
2300000 1218788901182 28909.73 72274315.59 190322.544 416940.032
2400000 1218788904269 29039.87 72599673.3 384938.376 416940.032
2500000 1218788907313 29175.27 72938183.43 347988.76 417005.568
2600000 1218788910307 29317.91 73294769.01 306120.592 415760.384
2700000 1218788913300 29451.55 73628866.88 250680.952 416940.032
2800000 1218788916288 29578.3 73945744.95 174384.56 417005.568
2900000 1218788919296 29691.21 74228028.5 358963.96 417136.64
3000000 1218788922467 29749.21 74373035.31 331117.2 417136.64
3100000 1218788925506 29841.55 74603877.48 252413.008 417071.104
3200000 1218788928578 29919.4 74798511.51 169364.424 416612.352
3300000 1218788931580 30012 75030012 312828.584 416940.032
3400000 1218788934612 30091.69 75229227.88 257636.848 417005.568
3500000 1218788937670 30160.45 75401134.03 228895.928 417071.104
3600000 1218788940733 30224.42 75561040.73 166999.328 417136.64
3700000 1218788943837 30275.01 75687529.15 338036.416 417071.104
3800000 1218788946870 30340.29 75850725.77 288563.216 417136.64
3900000 1218788949910 30400.82 76002057.9 244475.848 417136.64
4000000 1218788952948 30459.02 76147543.48 186988.032 416874.496
4100000 1218788956092 30490.53 76226314.07 347343.296 416874.496
4200000 1218788959086 30553.9 76384746.33 311619.104 417005.568
4300000 1218788962091 30612.17 76530430.63 259011.656 417071.104
4400000 1218788965205 30644.72 76611807.97 226444.968 417071.104
4500000 1218788968248 30690.75 76726866 364099.272 416940.032
4600000 1218788971248 30743.73 76859327.38 317500.92 417136.64
4700000 1218788974391 30765.81 76914516.88 231883.048 417202.176
4800000 1218788977473 30799.04 76997606.66 356606.512 416940.032
4900000 1218788980617 30818.97 77047417.18 327001.768 416940.032
5000000 1218788983658 30857.72 77144303.05 281234.824 417005.568
5100000 1218788986708 30893.36 77233408.45 227117.696 416940.032
5200000 1218788989748 30929.55 77323879.99 190055.288 417005.568
5300000 1218788992850 30953.24 77383107.71 154573.344 417071.104
5400000 1218788995886 30987.82 77469557.33 322069.592 417136.64
5500000 1218788998960 31014.57 77536428.02 273771.968 417202.176
5600000 1218789002013 31044.02 77610053.83 229466.176 417005.568
5700000 1218789004993 31084.86 77712154.18 172374.312 416874.496
5800000 1218789008154 31094.19 77735484.91 312891.488 416874.496
5900000 1218789011341 31098.95 77747381.63 182455.792 416940.032
6000000 1218789015149 31003.75 77509365.72 269674.008 415367.168

-- results:

172.17.1.13:7800:
num_msgs_expected=6000000, num_msgs_received=6000000 (loss rate=0.0%), received=15GB, time=193531ms, msgs/sec=31002.79, throughput=77.51MB

172.17.4.13:7800:
num_msgs_expected=6000000, num_msgs_received=6000000 (loss rate=0.0%), received=15GB, time=193526ms, msgs/sec=31003.59, throughput=77.51MB

172.17.0.13:7800 (myself):
num_msgs_expected=6000000, num_msgs_received=6000000 (loss rate=0.0%), received=15GB, time=193525ms, msgs/sec=31003.75, throughput=77.51MB

172.17.5.13:7800:
num_msgs_expected=6000000, num_msgs_received=6000000 (loss rate=0.0%), received=15GB, time=193525ms, msgs/sec=31003.75, throughput=77.51MB

172.17.2.13:7800:
num_msgs_expected=6000000, num_msgs_received=6000000 (loss rate=0.0%), received=15GB, time=193521ms, msgs/sec=31004.39, throughput=77.51MB

172.17.3.13:7800:
num_msgs_expected=6000000, num_msgs_received=6000000 (loss rate=0.0%), received=15GB, time=193539ms, msgs/sec=31001.5, throughput=77.5MB

combined: 31003.29 msgs/sec averaged over all receivers (throughput=77.51MB/sec)

