

----------------------- TEST -----------------------
Date: Fri Aug 15 04:30:43 EDT 2008
Run by: bela

log_interval:	100000
msg_size:	5000
config:	/home/bela/config.txt
transport:	org.jgroups.tests.perf.transports.JGroupsTransport
num_senders:	6
sender:	true
props:	./tcp-2.6.xml
dump_transport_stats:	false
num_msgs:	1000000
processing_delay:	0
num_members:	6
jmx:	false
JGroups version: 2.6.4.CR1


##### msgs_received, current time (in ms), msgs/sec, throughput/sec [KB], free_mem [KB] , total_mem [KB] 
100000 1218789071308 5980.15 29900729.58 229211.736 415498.24
200000 1218789076947 8944.14 44720719.11 192691.168 415825.92
300000 1218789082768 10645.09 53225463.06 263643.4 416219.136
400000 1218789088733 11714.06 58570299 292779.496 415760.384
500000 1218789094335 12578.93 62894664.02 254183.496 416415.744
600000 1218789099898 13241.53 66207627.12 222273.064 416743.424
700000 1218789105511 13745.7 68728522.34 227583.008 416612.352
800000 1218789111246 14119.31 70596540.77 380666.592 416546.816
900000 1218789117101 14396.54 71982724.15 351413.832 416546.816
1000000 1218789122855 14647.94 73239684.19 359727.368 416677.888
1100000 1218789128625 14857.03 74285174.03 378187.896 416612.352
1200000 1218789134202 15072.35 75361736.33 219897.2 416743.424
1300000 1218789139905 15236.93 76184671.64 243716.056 416940.032
1400000 1218789145608 15380.9 76904484.63 253029.68 417136.64
1500000 1218789151280 15512.85 77564274.93 230194.84 417005.568
1600000 1218789156920 15635.08 78175386.48 186331.856 416874.496
1700000 1218789162712 15722.4 78611989.72 211614.528 415367.168
1800000 1218789168431 15810.97 79054855.29 233659.016 416612.352
1900000 1218789174140 15892.4 79462000.43 166364.2 416612.352
2000000 1218789179714 15983.63 79918163.8 192625.032 414842.88
2100000 1218789185357 16058.61 80293031.33 250751.912 416481.28
2200000 1218789190927 16136.01 80680059.56 263484.792 416612.352
2300000 1218789196676 16186.92 80934618.9 296875.112 415367.168
2400000 1218789202408 16235.74 81178714.94 283989.136 416743.424
2500000 1218789208044 16291.1 81455512.26 292480.712 416612.352
2600000 1218789213661 16344.49 81722457.96 290327.224 416677.888
2700000 1218789219294 16392.65 81963231.9 312906.936 416677.888
2800000 1218789224782 16451.62 82258102.42 287916.184 416808.96
2900000 1218789230497 16485.61 82428046 271392.184 416940.032
3000000 1218789236188 16519.64 82598209.27 279401.808 417136.64
3100000 1218789241846 16554.52 82772615.61 291090.312 416874.496
3200000 1218789247411 16595.36 82976792.43 301342.968 416808.96
3300000 1218789253249 16611.04 83055224.17 299679.272 416808.96
3400000 1218789258913 16639.99 83199968.68 287690.28 416874.496
3500000 1218789264519 16671.99 83359929.12 305803.032 417005.568
3600000 1218789270233 16693.95 83469744.54 156605.576 417005.568
3700000 1218789275864 16721.05 83605238.66 173984.704 416940.032
3800000 1218789281592 16739.65 83698228.24 354365.632 417005.568
3900000 1218789287149 16769.65 83848247.57 337977.256 417136.64
4000000 1218789292797 16791.84 83959179.05 319930.944 417005.568
4100000 1218789298430 16814.03 84070143.21 301134.88 415498.24
4200000 1218789304226 16824.23 84121134.43 273755.536 415105.024
4300000 1218789309797 16848.8 84244017.7 233067.576 416153.6
4400000 1218789315381 16871.49 84357445.5 210321.76 416612.352
4500000 1218789321011 16890.31 84451534.2 199867.072 416612.352
4600000 1218789326643 16908.22 84541107.19 217096.984 414973.952
4700000 1218789332372 16919.5 84597495.91 203898.928 414711.808
4800000 1218789338042 16933.85 84669225.56 210579.856 416546.816
4900000 1218789343676 16949.74 84748694.18 207550.864 416677.888
5000000 1218789349282 16966.64 84833184.03 225943.104 416677.888
5100000 1218789354883 16983.19 84915933.23 229270.056 416874.496
5200000 1218789360544 16995.8 84978984.04 239818.528 416874.496
5300000 1218789366322 17001.57 85007827.14 310637.032 416808.96
5400000 1218789371897 17018 85090022.09 309585.48 416808.96
5500000 1218789377498 17032.5 85162521.06 332131.92 416808.96
5600000 1218789383124 17045.21 85226062.13 344923.744 416940.032
5700000 1218789388838 17053 85265009.63 160465.872 417071.104
5800000 1218789394640 17056.11 85280573.09 159821.192 417005.568
5900000 1218789400799 17041.53 85207661.18 310139.928 417071.104
6000000 1218789411525 16809.59 84047974.58 141950.664 417005.568

-- results:

172.17.1.13:7800:
num_msgs_expected=6000000, num_msgs_received=6000000 (loss rate=0.0%), received=30GB, time=356949ms, msgs/sec=16809.12, throughput=84.05MB

172.17.4.13:7800:
num_msgs_expected=6000000, num_msgs_received=6000000 (loss rate=0.0%), received=30GB, time=356935ms, msgs/sec=16809.78, throughput=84.05MB

172.17.0.13:7800 (myself):
num_msgs_expected=6000000, num_msgs_received=6000000 (loss rate=0.0%), received=30GB, time=356938ms, msgs/sec=16809.64, throughput=84.05MB

172.17.5.13:7800:
num_msgs_expected=6000000, num_msgs_received=6000000 (loss rate=0.0%), received=30GB, time=356940ms, msgs/sec=16809.55, throughput=84.05MB

172.17.2.13:7800:
num_msgs_expected=6000000, num_msgs_received=6000000 (loss rate=0.0%), received=30GB, time=356945ms, msgs/sec=16809.31, throughput=84.05MB

172.17.3.13:7800:
num_msgs_expected=6000000, num_msgs_received=6000000 (loss rate=0.0%), received=30GB, time=356947ms, msgs/sec=16809.22, throughput=84.05MB

combined: 16809.44 msgs/sec averaged over all receivers (throughput=84.04MB/sec)

