

----------------------- TEST -----------------------
Date: Fri Aug 18 06:57:20 EDT 2006
Run by: bela

log_interval:	1000
msg_size:	5000
config:	./config_1_4_5000.txt
transport:	org.jgroups.tests.perf.transports.JGroupsTransport
num_senders:	1
sender:	false
gnuplot_output:	true
props:	/home/bela/fc-fast-minimalthreads.xml
num_msgs:	200000
num_members:	4
JGroups version: 2.4CR1


##### msgs_received, current time (in ms), msgs/sec, throughput/sec [KB], free_mem [KB] , total_mem [KB] 
1000 1155898641662 3389.83 16949152.54 478160.176 499712.0
2000 1155898642083 2793.3 13966480.45 468425.192 499712.0
3000 1155898642557 2521.01 12605042.02 457724.4 499712.0
4000 1155898642729 2936.86 14684287.81 445773.384 499712.0
5000 1155898642859 3351.21 16756032.17 434009.056 499712.0
6000 1155898642956 3775.96 18879798.62 423090.408 499712.0
7000 1155898643044 4174.12 20870602.27 412733.552 499712.0
8000 1155898643120 4563.61 22818026.24 402478.128 499712.0
9000 1155898643189 4939.63 24698133.92 391443.096 499712.0
10000 1155898643387 4950.5 24752475.25 383323.096 499712.0
11000 1155898643784 4551.1 22755482 371617.616 499712.0
12000 1155898644241 4175.37 20876826.72 361426.832 499712.0
13000 1155898644684 3919.2 19596020.5 484482.568 499712.0
14000 1155898644731 4161.71 20808561.24 481543.592 499712.0
15000 1155898644783 4391.1 21955503.51 470873.144 499712.0
16000 1155898644834 4614.94 23074704.36 459894.016 499712.0
17000 1155898644887 4829.55 24147727.27 449162.84 499712.0
18000 1155898645308 4567.37 22836843.44 438335.84 499712.0
19000 1155898645534 4559.64 22798176.15 427569.352 499712.0
20000 1155898645582 4744.96 23724792.41 416883.824 499712.0
21000 1155898645799 4738.27 23691335.74 406192.896 499712.0
22000 1155898645880 4874.81 24374030.58 395223.768 499712.0
23000 1155898646274 4687.18 23435907.89 384487.792 499712.0
24000 1155898646345 4821.21 24106066.69 373523.632 499712.0
25000 1155898646525 4846.84 24234199.3 362903.664 499712.0
26000 1155898646960 4648.67 23243339.89 351976.168 499712.0
27000 1155898647362 4503.75 22518765.64 484568.528 499712.0
28000 1155898647431 4617.41 23087071.24 476917.232 499712.0
29000 1155898647479 4744.76 23723821.99 466246.568 499712.0
30000 1155898647528 4869.34 24346696.96 455308.928 499712.0
31000 1155898647576 4992.75 24963762.28 444667.488 499712.0
32000 1155898647650 5093.11 25465541.94 433946.288 499712.0
33000 1155898648054 4934.95 24674742.04 415342.728 499712.0
34000 1155898648103 5047.51 25237529.69 411777.216 499712.0
35000 1155898648164 5149.33 25746652.94 401106.552 499712.0
36000 1155898648549 5012.53 25062656.64 385417.016 499712.0
37000 1155898648609 5109.09 25545429.44 379403.144 499712.0
38000 1155898648673 5201.2 26006022.45 368484.736 499712.0
39000 1155898648910 5170.36 25851783.11 357793.536 499712.0
40000 1155898648962 5266.62 26333113.89 347067.344 499712.0
41000 1155898649382 5115.41 25577043.04 482669.472 499712.0
42000 1155898649437 5204.46 26022304.83 471671.104 499712.0
43000 1155898649851 5068.36 25341819.9 460757.224 499712.0
44000 1155898649907 5152.22 25761124.12 449764.096 499712.0
45000 1155898649957 5238.65 26193247.96 439088.416 499712.0
46000 1155898650002 5327.16 26635784.6 428361.424 499712.0
47000 1155898650219 5309.53 26547672.84 417454.248 499712.0
48000 1155898650271 5390.84 26954177.9 406747.288 499712.0
49000 1155898650478 5378.11 26890571.84 395784.12 499712.0
50000 1155898650521 5462.09 27310465.37 385052.92 499712.0
51000 1155898650609 5518.29 27591430.43 374376.152 499712.0
52000 1155898650656 5598.02 27990095.81 363494.208 499712.0
53000 1155898650699 5679.38 28396913.84 352575.616 499712.0
54000 1155898651102 5547 27734976.89 486224.576 499712.0
55000 1155898651169 5611.1 28055498.88 477669.36 499712.0
56000 1155898651212 5688.17 28440832.91 466933.144 499712.0
57000 1155898651255 5764.56 28822815.53 455990.52 499712.0
58000 1155898651472 5739.73 28698664.03 445318.96 499712.0
59000 1155898651516 5813.38 29066903.14 434648.48 499712.0
60000 1155898651562 5885.24 29426189.31 423584.368 499712.0
61000 1155898651638 5939.05 29695258.49 412998.832 499712.0
62000 1155898651681 6011.25 30056234.24 402333.312 499712.0
63000 1155898651726 6081.67 30408340.57 391409.704 499712.0
64000 1155898652102 5961.81 29809035.86 378407.048 499712.0
65000 1155898652168 6017.96 30089806.5 369407.504 499712.0
66000 1155898652213 6085.19 30425963.49 358742.048 499712.0
67000 1155898652411 6066.64 30333212.6 348025.872 499712.0
68000 1155898652827 5933.68 29668411.87 483518.68 499712.0
69000 1155898653217 5822.78 29113924.05 464187.136 499712.0
70000 1155898653260 5885.82 29429075.93 461636.776 499712.0
71000 1155898653312 5943.91 29719547.93 450961.096 499712.0
72000 1155898653693 5841.31 29206555.25 433619.408 499712.0
73000 1155898653743 5898.51 29492566.26 428962.8 499712.0
74000 1155898653796 5953.82 29769088.42 418297.344 499712.0
75000 1155898653840 6012.99 30064940.27 407363.704 499712.0
76000 1155898654237 5905.21 29526029.53 388647.992 499712.0
77000 1155898654281 5962.52 29812606.47 385699.528 499712.0
78000 1155898654324 6019.91 30099560.08 374715.376 499712.0
79000 1155898654367 6076.92 30384615.38 364049.696 499712.0
80000 1155898654438 6120.42 30602096.24 353403.44 499712.0
81000 1155898655010 5937.11 29685553.03 504360.992 519045.12
82000 1155898655069 5984.53 29922639.03 497346.216 519045.12
83000 1155898655113 6038.12 30190600.9 486413.392 519045.12
84000 1155898655173 6084.31 30421555.85 475677.184 519045.12
85000 1155898655260 6118.19 30590945.08 465015.72 519045.12
86000 1155898655341 6154.29 30771432.66 454087.872 519045.12
87000 1155898655399 6200.11 31000570.13 443380.672 519045.12
88000 1155898655473 6238.48 31192400.4 432448.0 519045.12
89000 1155898655576 6263.64 31318178.62 421777.304 519045.12
90000 1155898655652 6300.32 31501575.08 411055.304 519045.12
91000 1155898655704 6347.21 31736067.52 400117.48 519045.12
92000 1155898655753 6395.11 31975531.77 389452.016 519045.12
93000 1155898656162 6285.91 31429537.01 378483.68 519045.12
94000 1155898656584 6177.3 30886508.51 367490.712 519045.12
95000 1155898656631 6223.79 31118972.75 356834.264 519045.12
96000 1155898657062 6116.6 30582988.21 345871.16 519045.12
97000 1155898657121 6157.17 30785832.17 335200.496 519045.12
98000 1155898657532 6062.48 30312403.34 504436.808 519045.12
99000 1155898657592 6101.69 30508474.58 498487.88 519045.12
100000 1155898657643 6144.02 30720078.64 487746.672 519045.12
101000 1155898657694 6186.07 30930360.75 477095.0 519045.12
102000 1155898657742 6229.01 31145038.17 466106.656 519045.12
103000 1155898657791 6271.31 31356551.39 455435.992 519045.12
104000 1155898657864 6304.18 31520882.58 444517.568 519045.12
105000 1155898657926 6340.96 31704813.09 433846.904 519045.12
106000 1155898657977 6381.7 31908488.86 423115.704 519045.12
107000 1155898658027 6422.57 32112845.14 412197.112 519045.12
108000 1155898658105 6452.38 32261918.99 401531.656 519045.12
109000 1155898658158 6491.57 32457864.33 390814.48 519045.12
110000 1155898658209 6531.29 32656454.1 379876.848 519045.12
111000 1155898658287 6560.28 32801418.44 369210.888 519045.12
112000 1155898658341 6598.33 32991634.26 358231.52 519045.12
113000 1155898658391 6637.69 33188439.85 347560.856 519045.12
114000 1155898658441 6676.82 33384092.77 336895.368 519045.12
115000 1155898658888 6563.55 32817761.54 506774.936 519045.12
116000 1155898658951 6596.91 32984531.39 500648.84 519045.12
117000 1155898659002 6634.53 33172667.99 489645.272 519045.12
118000 1155898659053 6671.94 33359719.55 478989.016 519045.12
119000 1155898659131 6698.94 33494708.4 468308.32 519045.12
120000 1155898659205 6727.21 33636057.85 457314.976 519045.12
121000 1155898659291 6750.73 33753626.42 446663.544 519045.12
122000 1155898659344 6786.45 33932246.76 435725.912 519045.12
123000 1155898659398 6821.59 34107925.24 425004.472 519045.12
124000 1155898659451 6856.89 34284450.34 414342.984 519045.12
125000 1155898659524 6884.4 34421986.01 403410.152 519045.12
126000 1155898659589 6914.72 34573592.36 392693.192 519045.12
127000 1155898659642 6949.38 34746922.02 381750.328 519045.12
128000 1155898659695 6983.85 34919249.24 371079.88 519045.12
129000 1155898659775 7007.82 35039113.43 360357.688 519045.12
130000 1155898659829 7041.49 35207453.15 349425.072 519045.12
131000 1155898659882 7075.34 35376721.58 338768.6 519045.12
132000 1155898659935 7109 35545023.7 327780.248 519045.12
133000 1155898660378 6995.95 34979748.57 502285.152 519045.12
134000 1155898660431 7028.96 35144775.49 491619.696 519045.12
135000 1155898660484 7061.78 35308887.38 480968.264 519045.12
136000 1155898660560 7085.92 35429583.7 469980.016 519045.12
137000 1155898660639 7108.76 35543794.11 459319.328 519045.12
138000 1155898660693 7140.64 35703197.76 448400.928 519045.12
139000 1155898660742 7174.19 35870967.74 437659.504 519045.12
140000 1155898660816 7198.31 35991567.69 426711.816 519045.12
141000 1155898660866 7231.14 36155700.29 416065.376 519045.12
142000 1155898660915 7264.17 36320851.24 405329.16 519045.12
143000 1155898661317 7167.92 35839599 391876.088 519045.12
144000 1155898661387 7192.81 35964035.96 383653.992 519045.12
145000 1155898661435 7225.43 36127167.63 372716.6 519045.12
146000 1155898661840 7131.34 35656718.6 362025.008 519045.12
147000 1155898661914 7154.33 35771645.5 351283.584 519045.12
148000 1155898661964 7185.51 35927562.27 340360.912 519045.12
149000 1155898662013 7216.89 36084471.57 329709.448 519045.12
150000 1155898662447 7115.75 35578747.63 503943.136 519045.12
151000 1155898662497 7146.24 35731187.88 493291.672 519045.12
152000 1155898662546 7176.92 35884602.67 482298.272 519045.12
153000 1155898662600 7205.76 36028823.06 471636.808 519045.12
154000 1155898662648 7236.5 36182510.22 460956.328 519045.12
155000 1155898662723 7257.91 36289567.33 449967.72 519045.12
156000 1155898662771 7288.36 36441786.58 439321.432 519045.12
157000 1155898662819 7318.66 36593324.63 428640.736 519045.12
158000 1155898662894 7339.62 36698100.06 417637.36 519045.12
159000 1155898662944 7368.96 36844788.43 406990.888 519045.12
160000 1155898662992 7398.84 36994219.65 396325.432 519045.12
161000 1155898663061 7421.41 37107034.2 385321.648 519045.12
162000 1155898663122 7446.56 37232820.04 374675.4 519045.12
163000 1155898663174 7474.66 37373320.49 363732.56 519045.12
164000 1155898663223 7503.66 37518301.61 353020.56 519045.12
165000 1155898663296 7524.28 37621414.57 342339.832 519045.12
166000 1155898663344 7553.35 37766756.15 331417.2 519045.12
167000 1155898663775 7452.7 37263477.33 505100.752 519045.12
168000 1155898663826 7480.3 37401487.15 494454.496 519045.12
169000 1155898663877 7507.77 37538871.61 483773.8 519045.12
170000 1155898663925 7536.13 37680645.45 472804.688 519045.12
171000 1155898663973 7564.36 37821817.22 462129.008 519045.12
172000 1155898664022 7592.14 37960715.07 451191.384 519045.12
173000 1155898664096 7611.42 38057107.66 440469.192 519045.12
174000 1155898664146 7638.61 38193072.57 429798.48 519045.12
175000 1155898664194 7666.36 38331800.06 418855.64 519045.12
176000 1155898664268 7685.25 38426269.6 408143.672 519045.12
177000 1155898664317 7712.42 38562091.5 397462.976 519045.12
178000 1155898664366 7739.47 38697334.67 386544.568 519045.12
179000 1155898664584 7709.87 38549338.85 375848.624 519045.12
180000 1155898664643 7733.29 38666437.53 364855.464 519045.12
181000 1155898664692 7759.91 38799571.28 354199.016 519045.12
182000 1155898664740 7786.76 38933812.52 343266.384 519045.12
183000 1155898664815 7804.5 39022517.91 332247.768 519045.12
184000 1155898665250 7704.22 38521123.81 507578.096 518651.904
185000 1155898665301 7729.59 38647948.53 496911.616 518651.904
186000 1155898665350 7755.49 38777467.37 485918.272 518651.904
187000 1155898665423 7773.53 38867642.17 475232.56 518651.904
188000 1155898665472 7799.21 38996058.91 464591.296 518651.904
189000 1155898665519 7825.44 39127194.44 453592.744 518651.904
190000 1155898665566 7851.56 39257820.57 442917.28 518651.904
191000 1155898665644 7867.53 39337644.68 432265.808 518651.904
192000 1155898665690 7893.76 39468815.52 421262.408 518651.904
193000 1155898665736 7919.9 39599491.16 410610.976 518651.904
194000 1155898665808 7937.48 39687410.5 399940.256 518651.904
195000 1155898665855 7963.08 39815419.8 388941.704 518651.904
196000 1155898665901 7988.91 39944566.72 378290.464 518651.904
197000 1155898665948 8014.32 40071600.02 367352.64 518651.904
198000 1155898666023 8030.5 40152498.38 356636.416 518651.904
199000 1155898666069 8056.03 40280139.26 345979.968 518651.904
200000 1155898666147 8071.03 40355125.1 335047.136 518651.904

-- results:

10.68.28.33:39929 (myself):
num_msgs_expected=200000, num_msgs_received=200000 (loss rate=0.0%), received=1000MB, time=24780ms, msgs/sec=8071.03, throughput=40.36MB/sec

10.68.16.33:36162:
num_msgs_expected=200000, num_msgs_received=200000 (loss rate=0.0%), received=1000MB, time=24783ms, msgs/sec=8070.05, throughput=40.35MB/sec

10.68.24.33:34010:
num_msgs_expected=200000, num_msgs_received=200000 (loss rate=0.0%), received=1000MB, time=24784ms, msgs/sec=8069.72, throughput=40.35MB/sec

10.68.20.33:36451:
num_msgs_expected=200000, num_msgs_received=200000 (loss rate=0.0%), received=1000MB, time=24784ms, msgs/sec=8069.72, throughput=40.35MB/sec

combined: 8070.13 msgs/sec averaged over all receivers

