

----------------------- TEST -----------------------
Date: Fri Aug 18 07:52:39 EDT 2006
Run by: bela

log_interval:	1000
msg_size:	5000
config:	./config_2_4_5000.txt
transport:	org.jgroups.tests.perf.transports.JGroupsTransport
num_senders:	2
sender:	false
gnuplot_output:	true
props:	/home/bela/fc-fast-minimalthreads.xml
num_msgs:	100000
num_members:	4
JGroups version: 2.4CR1


##### msgs_received, current time (in ms), msgs/sec, throughput/sec [KB], free_mem [KB] , total_mem [KB] 
1000 1155901961902 635.32 3176620.08 463104.52 499712.0
2000 1155901962865 788.33 3941663.38 442006.376 499712.0
3000 1155901963111 1077.97 5389867.05 419857.696 499712.0
4000 1155901963315 1339.14 6695681.29 403421.512 499712.0
5000 1155901963462 1595.41 7977026.16 378703.856 499712.0
6000 1155901963760 1748.25 8741258.74 360000.536 499712.0
7000 1155901964040 1885.78 9428879.31 471367.464 499712.0
8000 1155901964222 2054.44 10272213.66 448685.344 499712.0
9000 1155901964306 2262.44 11312217.19 433947.8 499712.0
10000 1155901964424 2441.41 12207031.25 411156.24 499712.0
11000 1155901964582 2585.8 12929007.99 392475.008 499712.0
12000 1155901964769 2702.09 13510470.61 370734.168 499712.0
13000 1155901964945 2815.68 14078405.89 348684.584 499712.0
14000 1155901965166 2893.76 14468788.76 474024.736 499712.0
15000 1155901965356 2983.29 14916467.78 451982.768 499712.0
16000 1155901965533 3073.97 15369836.7 430186.288 499712.0
17000 1155901965632 3205.13 16025641.03 408395.36 499712.0
18000 1155901966033 3155.13 15775635.41 386803.392 499712.0
19000 1155901966209 3230.74 16153715.35 364867.536 499712.0
20000 1155901966650 3163.56 15817779.18 478708.8 499712.0
21000 1155901966702 3294.63 16473172.26 466798.384 499712.0
22000 1155901966793 3402.94 17014694.51 445089.328 499712.0
23000 1155901966959 3468.56 17342783.89 424214.424 499712.0
24000 1155901967113 3537.21 17686072.22 402260.152 499712.0
25000 1155901967381 3544.59 17722954.77 380007.504 499712.0
26000 1155901967499 3625.71 18128573.42 357823.464 499712.0
27000 1155901967950 3542.38 17711886.64 473736.592 499712.0
28000 1155901968628 3373.49 16867469.88 460078.376 499712.0
29000 1155901968729 3451.97 17259850.02 438481.0 499712.0
30000 1155901969138 3405.22 17026106.7 416829.776 499712.0
31000 1155901969567 3355.34 16776707.44 394908.304 499712.0
32000 1155901969731 3403.17 17015846.01 373230.984 499712.0
33000 1155901969862 3461.3 17306482.06 351557.32 499712.0
34000 1155901970866 3226.42 16132093.38 464939.96 499712.0
35000 1155901970947 3295.98 16479894.53 454089.368 499712.0
36000 1155901971054 3356.33 16781652.06 429989.248 499712.0
37000 1155901971161 3415.49 17077448.54 411311.368 499712.0
38000 1155901971277 3470.64 17353182.94 386858.592 499712.0
39000 1155901971385 3527.18 17635886.77 365290.624 499712.0
40000 1155901971506 3578.46 17892288.42 507951.728 518258.688
41000 1155901972532 3359.55 16797771.22 463158.504 518258.688
42000 1155901972560 3433.62 17168083.71 456900.176 518258.688
43000 1155901972624 3497.07 17485361.09 443100.192 518258.688
44000 1155901972726 3548.96 17744797.55 420380.52 518258.688
45000 1155901972827 3600.29 18001440.12 400164.856 518258.688
46000 1155901972942 3646.74 18233708.58 378541.76 518258.688
47000 1155901973357 3607.34 18036687.39 356273.384 518258.688
48000 1155901973474 3651.3 18256503.88 333271.472 518258.688
49000 1155901973909 3607.98 18039908.7 472897.368 518193.152
50000 1155901973992 3659.25 18296252.93 459754.56 518193.152
51000 1155901974030 3722.08 18610421.84 451744.808 518193.152
52000 1155901974315 3717.74 18588689.5 429092.424 518193.152
53000 1155901974413 3762.87 18814341.5 408524.984 518193.152
54000 1155901974533 3801.48 19007391.76 385898.224 518193.152
55000 1155901974864 3783.71 18918547.06 365347.992 518193.152
56000 1155901975004 3815.75 19078768.06 343436.104 518193.152
57000 1155901975113 3855.26 19276293.54 506389.896 517996.544
58000 1155901975215 3896.02 19480083.29 484858.952 517996.544
59000 1155901975418 3909.87 19549370.44 463160.096 517996.544
60000 1155901975542 3943.74 19718680.16 441463.048 517996.544
61000 1155901975725 3961.81 19809053.71 419717.448 517996.544
62000 1155901975892 3983.55 19917758.93 397196.424 517996.544
63000 1155901975993 4021.7 20108522.18 375200.6 517996.544
64000 1155901976124 4051.66 20258293.24 354477.424 517996.544
65000 1155901976250 4082.4 20412008.54 332750.096 517996.544
66000 1155901976648 4044.12 20220588.24 491463.432 516161.536
67000 1155901976751 4079.64 20398222.01 469212.832 516161.536
68000 1155901976850 4115.72 20578622.44 448756.784 516161.536
69000 1155901976961 4148.38 20741898.64 426192.864 516161.536
70000 1155901977064 4182.6 20913001.91 403789.576 516161.536
71000 1155901977163 4217.4 21087021.09 384002.216 516161.536
72000 1155901977292 4244.28 21221410.04 361692.08 516161.536
73000 1155901977401 4275.76 21378785.22 339404.568 516161.536
74000 1155901977760 4245.07 21225332.72 492094.488 517865.472
75000 1155901977848 4280.82 21404109.59 477604.168 517865.472
76000 1155901977938 4315.73 21578648.5 457655.208 517865.472
77000 1155901978077 4338.27 21691362.89 437981.464 517865.472
78000 1155901978183 4368.52 21842621.11 415612.416 517865.472
79000 1155901978290 4398.17 21990869.61 394362.392 517865.472
80000 1155901978641 4368.48 21842407.03 372681.872 517865.472
81000 1155901978790 4387.39 21936951.58 350995.856 517865.472
82000 1155901978906 4413.82 22069114.01 509582.44 517931.008
83000 1155901979922 4235.99 21179953.05 479511.896 517931.008
84000 1155901979993 4271.55 21357742.18 464180.704 517931.008
85000 1155901980095 4300.1 21500480.6 441827.52 517931.008
86000 1155901980490 4265.45 21327249.28 422167.224 517931.008
87000 1155901980584 4295.02 21475118.48 399760.616 517931.008
88000 1155901980690 4321.78 21608879.28 378930.024 517931.008
89000 1155901981137 4277 21384977.65 355521.048 517931.008
90000 1155901981239 4303.95 21519774.28 333005.408 517931.008
91000 1155901981686 4260.7 21303492.84 461549.992 518062.08
92000 1155901981711 4302.48 21512416.41 455677.448 518062.08
93000 1155901981740 4343.36 21716794.32 449284.76 518062.08
94000 1155901981946 4348.23 21741141.64 428431.032 518062.08
95000 1155901982049 4373.65 21868238.11 405930.712 518062.08
96000 1155901982149 4399.43 21997158.7 384756.6 518062.08
97000 1155901982428 4389.14 21945701.36 364489.992 518062.08
98000 1155901982547 4410.64 22053197.71 340668.624 518062.08
99000 1155901982883 4389.27 21946353.36 503135.256 514916.352
100000 1155901982988 4413.06 22065313.33 479774.192 514916.352
101000 1155901983087 4437.8 22189024.12 459528.664 514916.352
102000 1155901983191 4461.36 22306783.89 436816.088 514916.352
103000 1155901983290 4485.67 22428359.9 415963.08 514916.352
104000 1155901983445 4498.85 22494268.29 394103.488 514916.352
105000 1155901983550 4521.57 22607871.85 371117.232 514916.352
106000 1155901983891 4498.58 22492891.4 351114.92 514916.352
107000 1155901983996 4520.87 22604360.32 327151.896 514916.352
108000 1155901985030 4372.12 21860578.09 474773.536 517865.472
109000 1155901985058 4407.6 22038010.51 468385.104 517865.472
110000 1155901985160 4429.77 22148840.21 446616.064 517865.472
111000 1155901985274 4449.61 22248055.8 425319.08 517865.472
112000 1155901985666 4420.24 22101191.89 402741.456 517865.472
113000 1155901985772 4441.13 22205628.05 379187.424 517865.472
114000 1155901985871 4463.06 22315311.44 358411.096 517865.472
115000 1155901985984 4482.38 22411911.44 338383.304 517865.472
116000 1155901986321 4462.74 22313699.84 497306.528 517865.472
117000 1155901986616 4450.7 22253499.7 474704.832 517865.472
118000 1155901986747 4466.48 22332412.28 455286.696 517865.472
119000 1155901986878 4482.11 22410546.14 434434.488 517865.472
120000 1155901986984 4501.8 22509003.6 410391.904 517865.472
121000 1155901987079 4523.2 22615976.97 391457.2 517865.472
122000 1155901987218 4537 22685013.02 369356.456 517865.472
123000 1155901987326 4555.89 22779465.15 347979.864 517865.472
124000 1155901987486 4565.87 22829368.88 509965.504 517931.008
125000 1155901987606 4582.45 22912236.97 485416.144 517931.008
126000 1155901987705 4602.4 23012017.39 464729.08 517931.008
127000 1155901987813 4620.7 23103511.01 444310.8 517931.008
128000 1155901987960 4632.31 23161551.82 422258.616 517931.008
129000 1155901988067 4650.49 23252460.43 397801.744 517931.008
130000 1155901988204 4663.51 23317549.15 378059.168 517931.008
131000 1155901988307 4682.08 23410414.95 355688.68 517931.008
132000 1155901988405 4701.36 23506784.91 335171.944 517931.008
133000 1155901988575 4708.46 23542323.08 493000.928 514654.208
134000 1155901988675 4727.13 23635658.09 471830.504 514654.208
135000 1155901988774 4745.83 23729171.06 450923.064 514654.208
136000 1155901988958 4750.26 23751309.81 429225.328 514654.208
137000 1155901989101 4761.41 23807041.32 407479.576 514654.208
138000 1155901989206 4778.72 23893621.44 384159.704 514654.208
139000 1155901989382 4784.19 23920974.74 363952.296 514654.208
140000 1155901989520 4795.83 23979172.38 342230.552 514654.208
141000 1155901989637 4810.81 24054044.83 506673.72 517668.864
142000 1155901989778 4821.73 24108658.74 484199.896 517668.864
143000 1155901989878 4839.26 24196277.5 463232.216 517668.864
144000 1155901990092 4838.06 24190297 441457.272 517668.864
145000 1155901990330 4833.01 24165055.66 419249.184 517668.864
146000 1155901990420 4851.79 24258939.25 397710.328 517668.864
147000 1155901990515 4869.65 24348229.37 376296.04 517668.864
148000 1155901990660 4879.34 24396676.78 353043.56 517668.864
149000 1155901990750 4897.77 24488856.75 331670.168 517668.864
150000 1155901990896 4907.09 24535461.92 490242.76 514326.528
151000 1155901991018 4920.17 24600847.18 468684.024 514326.528
152000 1155901991286 4909.88 24549389.5 445797.704 514326.528
153000 1155901991376 4927.85 24639268.23 422150.512 514326.528
154000 1155901991511 4938.59 24692941.67 402869.288 514326.528
155000 1155901991600 4956.51 24782553.08 379815.664 514326.528
156000 1155901991766 4962.15 24810738.6 359706.264 514326.528
157000 1155901991861 4978.91 24894554.91 337249.304 514326.528
158000 1155901992075 4976.85 24884241.03 502532.928 517734.4
159000 1155901992178 4992.15 24960753.53 479231.312 517734.4
160000 1155901992268 5009.39 25046963.06 458084.304 517734.4
161000 1155901992407 5018.86 25094298.45 437194.12 517734.4
162000 1155901992515 5033.09 25165439.46 414776.56 517734.4
163000 1155901992604 5050.19 25250960.47 392361.456 517734.4
164000 1155901992851 5042.59 25212926.24 372145.632 517734.4
165000 1155901993078 5038.17 25190839.69 349710.208 517734.4
166000 1155901993186 5052.04 25260210.6 508829.0 517668.864
167000 1155901993578 5022.56 25112781.95 486111.688 517668.864
168000 1155901993688 5035.97 25179856.12 464644.152 517668.864
169000 1155901993777 5052.47 25262339.68 443924.768 517668.864
170000 1155901994138 5028.1 25140490.98 420140.592 517668.864
171000 1155901994227 5044.4 25221982.95 399927.08 517668.864
172000 1155901994354 5054.96 25274789.87 377668.224 517668.864
173000 1155901994444 5070.93 25354672.29 355878.488 517668.864
174000 1155901994599 5077.18 25385894.78 335083.528 517668.864
175000 1155901994695 5092.09 25460470.8 496782.504 518127.616
176000 1155901994784 5107.96 25539818.9 474722.352 518127.616
177000 1155901995039 5099.25 25496240.38 453143.496 518127.616
178000 1155901995191 5105.7 25528497.26 431366.664 518127.616
179000 1155901995314 5116.33 25581661.24 409274.456 518127.616
180000 1155901995404 5131.71 25658569.96 385918.328 518127.616
181000 1155901995544 5139.71 25698546.12 365904.224 518127.616
182000 1155901995639 5154.2 25771006.2 343986.2 518127.616
183000 1155901995855 5151.01 25755059.53 506903.304 517931.008
184000 1155901996050 5150.89 25754437.04 484651.624 517931.008
185000 1155901996161 5162.84 25814193.62 462163.176 517931.008
186000 1155901996293 5171.69 25858473.52 441076.696 517931.008
187000 1155901996383 5186.52 25932602.97 418014.832 517931.008
188000 1155901996532 5192.8 25963981.88 397773.12 517931.008
189000 1155901996622 5207.47 26037361.55 374014.944 517931.008
190000 1155901996796 5210.05 26050235.82 354486.328 517931.008
191000 1155901996961 5213.88 26069390.99 332728.776 517931.008
192000 1155901997256 5199.31 25996533.8 494705.32 518193.152
193000 1155901997448 5199.35 25996767.24 472976.304 518193.152
194000 1155901997605 5204.28 26021407.3 451230.528 518193.152
195000 1155901997760 5209.45 26047232.31 429495.112 518193.152
196000 1155901997914 5214.71 26073538.02 407785.056 518193.152
197000 1155901998082 5217.99 26089950.73 385722.624 518193.152
198000 1155901998241 5222.48 26112415.27 364013.112 518193.152
199000 1155901998419 5224.33 26121656.03 342270.424 518193.152
200000 1155901998605 5225.07 26125349.43 504293.536 518127.616

-- results:

10.68.16.33:36185:
num_msgs_expected=200000, num_msgs_received=200000 (loss rate=0.0%), received=1000MB, time=38294ms, msgs/sec=5222.75, throughput=26.11MB/sec

10.68.4.33:49826:
num_msgs_expected=200000, num_msgs_received=200000 (loss rate=0.0%), received=1000MB, time=38293ms, msgs/sec=5222.89, throughput=26.11MB/sec

10.68.8.33:34491:
num_msgs_expected=200000, num_msgs_received=200000 (loss rate=0.0%), received=1000MB, time=38294ms, msgs/sec=5222.75, throughput=26.11MB/sec

10.68.12.33:37414 (myself):
num_msgs_expected=200000, num_msgs_received=200000 (loss rate=0.0%), received=1000MB, time=38277ms, msgs/sec=5225.07, throughput=26.13MB/sec

combined: 5223.36 msgs/sec averaged over all receivers

