

----------------------- TEST -----------------------
Date: Fri Aug 18 08:57:16 EDT 2006
Run by: bela

log_interval:	1000
msg_size:	5000
config:	./config_2_8_5000.txt
transport:	org.jgroups.tests.perf.transports.JGroupsTransport
num_senders:	2
sender:	false
gnuplot_output:	true
props:	/home/bela/fc-fast-minimalthreads.xml
num_msgs:	100000
num_members:	8
JGroups version: 2.4CR1


##### msgs_received, current time (in ms), msgs/sec, throughput/sec [KB], free_mem [KB] , total_mem [KB] 
1000 1155905839091 643.92 3219575.02 453066.912 499712.0
2000 1155905839477 1031.46 5157297.58 437718.256 499712.0
3000 1155905839692 1392.76 6963788.3 422370.592 499712.0
4000 1155905839879 1708.67 8543357.54 400737.048 499712.0
5000 1155905840091 1958.48 9792401.1 369904.152 499712.0
6000 1155905840247 2214.84 11074197.12 354151.224 499712.0
7000 1155905840366 2475.25 12376237.62 471272.4 499712.0
8000 1155905840538 2666.67 13333333.33 455409.32 499712.0
9000 1155905840641 2900.42 14502094.75 433284.488 499712.0
10000 1155905840743 3120.12 15600624.02 411607.936 499712.0
11000 1155905840825 3346.52 16732582.9 391174.16 499712.0
12000 1155905841333 3162.06 15810276.68 371502.672 499712.0
13000 1155905841426 3343.62 16718107 350350.424 499712.0
14000 1155905841872 3230.27 16151361.33 455592.72 499712.0
15000 1155905841932 3413.75 17068730.09 449395.376 499712.0
16000 1155905843700 2596.56 12982797.79 442354.616 499712.0
17000 1155905843800 2714.79 13573938.04 419988.576 499712.0
18000 1155905844202 2701.08 13505402.16 369649.016 499712.0
19000 1155905844225 2841.33 14206669.66 363771.496 499712.0
20000 1155905844255 2977.52 14887598.63 356156.76 499712.0
21000 1155905844722 2923.16 14615812.92 440576.152 499712.0
22000 1155905844745 3052.59 15262938.81 434435.008 499712.0
23000 1155905844771 3179.87 15899350.2 428824.648 499712.0
24000 1155905849067 2081.71 10408535 416181.92 499712.0
25000 1155905849146 2153.69 10768435.56 394442.984 499712.0
26000 1155905849239 2222.03 11110161.52 372895.112 499712.0
27000 1155905849321 2291.44 11457184.08 352859.904 499712.0
28000 1155905849756 2291.7 11458503.85 466321.768 499712.0
29000 1155905849784 2368.12 11840601.01 457788.976 499712.0
30000 1155905849879 2430.92 12154606.6 437885.76 499712.0
31000 1155905849975 2492.56 12462812.58 416424.048 499712.0
32000 1155905850593 2451.17 12255840.67 465077.776 499253.248
33000 1155905850616 2523.32 12616608.04 459136.344 499253.248
34000 1155905850640 2595.02 12975118.3 451902.944 499253.248
35000 1155905850663 2666.67 13333333.33 444936.648 499253.248
36000 1155905850855 2703.31 13516557.78 426666.008 499253.248
37000 1155905850998 2748.89 13744427.93 393692.992 499253.248
38000 1155905851066 2808.99 14044943.82 375499.608 499253.248
39000 1155905851110 2873.56 14367816.09 364225.728 499253.248
40000 1155905851473 2870.47 14352350.2 329800.288 499253.248
41000 1155905851569 2922.1 14610505.31 471877.008 494010.368
42000 1155905851995 2905.17 14525835.24 420343.808 494010.368
43000 1155905852040 2965.11 14825541.3 413060.192 494010.368
44000 1155905852062 3029.47 15147342.33 406039.424 494010.368
45000 1155905852126 3084.73 15423635.87 387631.936 494010.368
46000 1155905852203 3136.72 15683600.41 365187.816 494010.368
47000 1155905852281 3187.95 15939768.03 342953.44 494010.368
48000 1155905852367 3236.9 16184503.34 473673.04 496631.808
49000 1155905852552 3263.62 16318103.1 453969.44 496631.808
50000 1155905852643 3310.16 16550810.99 431744.84 496631.808
51000 1155905852767 3348.87 16744369.3 405028.952 496631.808
52000 1155905853055 3351.16 16755816.2 387051.96 496631.808
53000 1155905853690 3281.33 16406636.95 369497.64 496631.808
54000 1155905853799 3320.83 16604144.89 348673.76 496631.808
55000 1155905854255 3290.06 16450320.03 435800.92 498270.208
56000 1155905854276 3345.68 16728402.44 429923.4 498270.208
57000 1155905854299 3400.75 17003758.73 424049.88 498270.208
58000 1155905854439 3431.75 17158748 407790.568 498270.208
59000 1155905854554 3467.32 17336624.35 386960.544 498270.208
60000 1155905854963 3443.33 17216642.75 366055.616 498270.208
61000 1155905855114 3470.64 17353208.92 344903.256 498270.208
62000 1155905855525 3446.93 17234669.48 433147.208 497745.92
63000 1155905855548 3498.06 17490283.18 427264.672 497745.92
64000 1155905855569 3549.44 17747213.13 421387.152 497745.92
65000 1155905855730 3573 17864995.6 402626.072 497745.92
66000 1155905855809 3612.28 18061408.79 380621.048 497745.92
67000 1155905855888 3651.23 18256130.79 357830.352 497745.92
68000 1155905855973 3688.64 18443178.74 483883.528 499449.856
69000 1155905856440 3650.41 18252036.82 463351.352 499449.856
70000 1155905856549 3682.08 18410393.98 442377.16 499449.856
71000 1155905856659 3713.19 18565974.58 421617.288 499449.856
72000 1155905856757 3746.29 18731463.66 400417.576 499449.856
73000 1155905856897 3770.86 18854279.66 379265.32 499449.856
74000 1155905857037 3795.07 18975332.07 358190.96 499449.856
75000 1155905857122 3829.66 19148284.31 479926.832 498728.96
76000 1155905858112 3693.98 18469913.48 452676.384 498728.96
77000 1155905858167 3732.61 18663047.17 438387.064 498728.96
78000 1155905858292 3758.31 18791558.25 418027.464 498728.96
79000 1155905859188 3648.96 18244803.7 397154.408 498728.96
80000 1155905859327 3671.58 18357887.01 376221.792 498728.96
81000 1155905859414 3702.69 18513439.39 353978.208 498728.96
82000 1155905859497 3734.23 18671159.89 479703.336 501022.72
83000 1155905859889 3713.48 18567401.91 452442.48 501022.72
84000 1155905860029 3734.83 18674136.32 439146.728 501022.72
85000 1155905860519 3698.71 18493538.14 412595.76 501022.72
86000 1155905860719 3709.93 18549674.3 373161.264 501022.72
87000 1155905860836 3734.23 18671130.57 352130.28 501022.72
88000 1155905860901 3766.64 18833197.79 338828.208 501022.72
89000 1155905860947 3801.96 19009782.56 474767.872 500236.288
90000 1155905861137 3813.72 19068604.6 451035.464 500236.288
91000 1155905861280 3832.87 19164350.1 422570.704 500236.288
92000 1155905861360 3861.98 19309881.62 404050.576 500236.288
93000 1155905861545 3873.87 19369350.61 390862.288 500236.288
94000 1155905861692 3891.69 19458474.79 369997.888 500236.288
95000 1155905861777 3919.3 19596518.01 348884.952 500236.288
96000 1155905862193 3893.73 19468667.61 456587.888 502595.584
97000 1155905862216 3930.63 19653132.34 450069.896 502595.584
98000 1155905862326 3953.53 19767629.5 442028.664 502595.584
99000 1155905862424 3978.14 19890701.6 420385.488 502595.584
100000 1155905862503 4005.61 20028039.25 398513.64 502595.584
101000 1155905862595 4030.81 20154048.77 377522.744 502595.584
102000 1155905863508 3927.61 19638043.9 358178.432 502595.584
103000 1155905863606 3951.2 19756022.71 485925.096 502267.904
104000 1155905864615 3840.9 19204490.9 437294.344 502267.904
105000 1155905864638 3874.54 19372693.73 431086.752 502267.904
106000 1155905864673 3906.39 19531969.78 422088.856 502267.904
107000 1155905864760 3930.64 19653221.66 402026.008 502267.904
108000 1155905864853 3953.87 19769357.5 379430.304 502267.904
109000 1155905864946 3976.94 19884705.2 357298.952 502267.904
110000 1155905865036 4000.29 20001454.65 335889.136 502267.904
111000 1155905865378 3987.07 19935344.83 460748.688 504430.592
112000 1155905865452 4012.32 20061617.83 445098.568 504430.592
113000 1155905865517 4038.74 20193716.72 428438.712 504430.592
114000 1155905865594 4063.3 20316509.84 406994.264 504430.592
115000 1155905865676 4087 20434998.93 386883.064 504430.592
116000 1155905865967 4080.34 20401702.49 366265.088 504430.592
117000 1155905866057 4102.53 20512640.7 344936.888 504430.592
118000 1155905866149 4124.29 20621439.31 481852.256 503382.016
119000 1155905866479 4111.81 20559068.45 460734.568 503382.016
120000 1155905866558 4135.08 20675396.28 439092.088 503382.016
121000 1155905866638 4158.08 20790378.01 417684.104 503382.016
122000 1155905866977 4144.16 20720812.53 397849.8 503382.016
123000 1155905867061 4166.24 20831216.34 376889.096 503382.016
124000 1155905867141 4188.76 20943823.26 355480.312 503382.016
125000 1155905867569 4162.37 20811827.78 470233.376 505479.168
126000 1155905867594 4192.17 20960873.04 463191.872 505479.168
127000 1155905867654 4217.03 21085137.47 448485.944 505479.168
128000 1155905868264 4165.85 20829265.12 427365.56 505479.168
129000 1155905868353 4186.27 20931364.6 406413.72 505479.168
130000 1155905868431 4208.07 21040365.13 385409.248 505479.168
131000 1155905868544 4224.99 21124943.56 364828.616 505479.168
132000 1155905868713 4234.16 21170809.94 343446.112 505479.168
133000 1155905868793 4255.32 21276595.74 479419.712 504823.808
134000 1155905868871 4276.64 21383206.2 457766.64 504823.808
135000 1155905869162 4268.91 21344548.44 437752.336 504823.808
136000 1155905869265 4286.57 21432848.99 416554.072 504823.808
137000 1155905869353 4306.14 21530724.5 395668.136 504823.808
138000 1155905869432 4326.83 21634163.17 374637.272 504823.808
139000 1155905869510 4347.55 21737770.55 354119.832 504823.808
140000 1155905869615 4364.5 21822489.63 493297.216 506920.96
141000 1155905869736 4379.15 21895769.92 471963.264 506920.96
142000 1155905869897 4388.27 21941345.53 450850.768 506920.96
143000 1155905870040 4399.73 21998646.24 430168.2 506920.96
144000 1155905870132 4417.99 22089955.21 409224.84 506920.96
145000 1155905870245 4433.3 22166508.7 388373.696 506920.96
146000 1155905870363 4447.83 22239146.99 367196.024 506920.96
147000 1155905870448 4466.73 22333637.19 346131.0 506920.96
148000 1155905870806 4448.72 22243597.45 470434.776 506200.064
149000 1155905870894 4466.96 22334812.33 453596.488 506200.064
150000 1155905870936 4491.29 22456434.52 440558.584 506200.064
151000 1155905871014 4510.69 22553471.14 419418.248 506200.064
152000 1155905871128 4525.16 22625781.48 400777.12 506200.064
153000 1155905871372 4522.08 22610391.91 379261.08 506200.064
154000 1155905871450 4541.17 22705826.85 357740.944 506200.064
155000 1155905871528 4560.16 22800823.77 336081.328 506200.064
156000 1155905871893 4540.82 22704118.76 471826.848 508297.216
157000 1155905871966 4560.24 22801208.32 452357.672 508297.216
158000 1155905872028 4581.04 22905189.91 435797.48 508297.216
159000 1155905872109 4599.23 22996152.84 414219.68 508297.216
160000 1155905872187 4617.74 23088689.43 394166.112 508297.216
161000 1155905872448 4611.86 23059295.33 374336.96 508297.216
162000 1155905872579 4623.16 23115778.66 353502.448 508297.216
163000 1155905872665 4640.31 23201525.89 331728.32 508297.216
164000 1155905873038 4619.72 23098591.55 455007.512 507576.32
165000 1155905873069 4643.83 23219160.73 446750.416 507576.32
166000 1155905873132 4663.71 23318536.83 430748.88 507576.32
167000 1155905873283 4671.98 23359910.48 410572.96 507576.32
168000 1155905873368 4688.81 23444041.31 388708.512 507576.32
169000 1155905873447 4706.34 23531705.14 365773.896 507576.32
170000 1155905873542 4721.7 23608487.95 347612.152 507576.32
171000 1155905873852 4708.93 23544638.43 492216.56 509607.936
172000 1155905874270 4682.57 23412828.05 436865.536 509607.936
173000 1155905874925 4627.28 23136384.3 430353.536 509607.936
174000 1155905874947 4651.29 23256435.62 423772.368 509607.936
175000 1155905875014 4669.66 23348276.23 404747.272 509607.936
176000 1155905875093 4686.46 23432299.29 382299.216 509607.936
177000 1155905875171 4703.32 23516594.48 360096.864 509607.936
178000 1155905875248 4720.23 23601166.8 342768.344 509607.936
179000 1155905876142 4636.83 23184126 484522.432 508952.576
180000 1155905876296 4644.2 23221012.44 444907.488 508952.576
181000 1155905876499 4645.67 23228356.56 428166.296 508952.576
182000 1155905876520 4668.82 23344107.54 422288.776 508952.576
183000 1155905876614 4683.18 23415907.46 403638.744 508952.576
184000 1155905876692 4699.39 23496960.72 381112.784 508952.576
185000 1155905876770 4715.54 23577691.68 359132.52 508952.576
186000 1155905876848 4731.62 23658102.26 340803.44 508952.576
187000 1155905877172 4718.17 23590856.34 487292.528 510722.048
188000 1155905877251 4733.97 23669831.04 464023.424 510722.048
189000 1155905877329 4749.82 23749088.99 442351.936 510722.048
190000 1155905877407 4765.61 23828036.82 423649.416 510722.048
191000 1155905877601 4767.49 23837456.01 403560.776 510722.048
192000 1155905877693 4781.47 23907358.98 381605.912 510722.048
193000 1155905877821 4791.1 23955514.73 361797.12 510722.048
194000 1155905877911 4805.19 24025957.94 339744.312 510722.048
195000 1155905878351 4777.89 23889446.99 459338.968 510066.688
196000 1155905878403 4796.28 23981402.18 452154.832 510066.688
197000 1155905878439 4816.51 24082540.77 442364.592 510066.688
198000 1155905878534 4829.74 24148697.43 422188.448 510066.688
199000 1155905878685 4836.32 24181592.83 401175.528 510066.688
200000 1155905878838 4842.62 24213075.06 380350.088 510066.688

-- results:

10.68.0.33:40396:
num_msgs_expected=200000, num_msgs_received=200000 (loss rate=0.0%), received=1000MB, time=41671ms, msgs/sec=4799.5, throughput=24MB/sec

10.68.4.33:49869:
num_msgs_expected=200000, num_msgs_received=200000 (loss rate=0.0%), received=1000MB, time=41316ms, msgs/sec=4840.74, throughput=24.2MB/sec

10.68.20.33:36482:
num_msgs_expected=200000, num_msgs_received=200000 (loss rate=0.0%), received=1000MB, time=41318ms, msgs/sec=4840.51, throughput=24.2MB/sec

10.68.16.33:36231:
num_msgs_expected=200000, num_msgs_received=200000 (loss rate=0.0%), received=1000MB, time=41322ms, msgs/sec=4840.04, throughput=24.2MB/sec

10.68.28.33:39959 (myself):
num_msgs_expected=200000, num_msgs_received=200000 (loss rate=0.0%), received=1000MB, time=41300ms, msgs/sec=4842.62, throughput=24.21MB/sec

10.68.12.33:37447:
num_msgs_expected=200000, num_msgs_received=200000 (loss rate=0.0%), received=1000MB, time=41321ms, msgs/sec=4840.15, throughput=24.2MB/sec

10.68.8.33:34526:
num_msgs_expected=200000, num_msgs_received=200000 (loss rate=0.0%), received=1000MB, time=41320ms, msgs/sec=4840.27, throughput=24.2MB/sec

10.68.24.33:34039:
num_msgs_expected=200000, num_msgs_received=200000 (loss rate=0.0%), received=1000MB, time=41318ms, msgs/sec=4840.51, throughput=24.2MB/sec

combined: 4835.54 msgs/sec averaged over all receivers

