

----------------------- TEST -----------------------
Date: Tue Aug 22 03:18:02 EDT 2006
Run by: bela

log_interval:	20000
msg_size:	1000
config:	./config_4_8_1000.txt
transport:	org.jgroups.tests.perf.transports.JGroupsTransport
num_senders:	4
sender:	false
props:	/home/bela/fc-fast-minimalthreads.xml
num_msgs:	250000
num_members:	8
JGroups version: 2.4CR1


##### msgs_received, current time (in ms), msgs/sec, throughput/sec [KB], free_mem [KB] , total_mem [KB] 
20000 1156231086233 6299.21 6299212.6 379821.608 499712.0
40000 1156231087364 9289.36 9289363.68 398088.864 499712.0
60000 1156231088202 11664.07 11664074.65 425266.152 499712.0
80000 1156231089023 13411.57 13411567.48 441365.848 499712.0
100000 1156231089626 15225.33 15225334.96 361392.32 499712.0
120000 1156231090462 16207.46 16207455.43 425359.256 499712.0
140000 1156231091540 16505.54 16505541.15 430606.08 481427.456
160000 1156231092051 17791.62 17791615.7 341259.232 481427.456
180000 1156231092962 18174.47 18174474.96 379845.168 494862.336
200000 1156231093744 18716.08 18716077.11 407452.144 494141.44
220000 1156231094527 19182.14 19182143.17 442479.824 497025.024
240000 1156231095119 19898.85 19898847.53 353946.664 497025.024
260000 1156231095973 20131.63 20131629.89 386857.832 496107.52
280000 1156231096756 20440.94 20440940.28 410720.936 498991.104
300000 1156231097642 20570.49 20570488.21 424742.848 497942.528
320000 1156231098035 21366.09 21366094.68 352457.368 497942.528
340000 1156231098823 21566.76 21566761.81 392633.56 500826.112
360000 1156231099540 21842.01 21842009.46 431820.512 499908.608
380000 1156231100352 21972.94 21972938.59 475833.904 503250.944
400000 1156231101118 22148.39 22148394.24 371265.72 503250.944
420000 1156231101834 22368.98 22368981.68 417108.6 501743.616
440000 1156231102578 22540.98 22540983.61 469353.12 504823.808
460000 1156231103345 22674.62 22674619.21 362546.032 504823.808
480000 1156231104107 22803.93 22803933.68 402874.464 504233.984
500000 1156231105225 22556.05 22556051.79 432972.904 506396.672
520000 1156231105646 23021.07 23021073.14 356819.064 506396.672
540000 1156231106413 23121.39 23121387.28 405648.072 505872.384
560000 1156231107511 22901.08 22901075.53 435944.112 507838.464
580000 1156231108101 23160.16 23160164.52 350370.928 507838.464
600000 1156231108943 23179.45 23179447.56 408309.488 507117.568
620000 1156231109781 23200.99 23200987.91 475020.096 509018.112
640000 1156231110593 23243.15 23243145.09 368571.88 509018.112
660000 1156231111260 23402.6 23402595.56 419453.416 508493.824
680000 1156231111907 23571.01 23571007.66 487064.688 510001.152
700000 1156231112579 23711.93 23711933.88 380908.512 510001.152
720000 1156231113371 23752.19 23752185.53 444058.92 509542.4
740000 1156231114128 23817.19 23817187 338930.512 509542.4
760000 1156231114681 24033.14 24033140.44 398476.824 510984.192
780000 1156231115724 23878.04 23878038.33 443972.752 510459.904
800000 1156231116375 24011.77 24011765.77 356340.632 510459.904
820000 1156231117157 24047.63 24047626.03 421541.672 511901.696
840000 1156231117873 24127.53 24127531.24 483752.6 511508.48
860000 1156231118602 24195.36 24195363.49 380259.648 511508.48
880000 1156231119308 24275.86 24275862.07 445230.744 512753.664
900000 1156231119985 24372.41 24372410.43 342403.656 512753.664
920000 1156231120789 24383.13 24383133.23 409433.136 512360.448
940000 1156231121459 24478.53 24478529.2 477001.592 513736.704
960000 1156231122251 24494.17 24494169.88 371787.752 513736.704
980000 1156231123190 24419.42 24419415.93 440995.64 513146.88
1000000 1156231124240 24282.45 24282453.5 335872.36 513146.88

-- results:

10.68.0.33:40707:
num_msgs_expected=1000000, num_msgs_received=1000000 (loss rate=0.0%), received=1000MB, time=41202ms, msgs/sec=24270.67, throughput=24.27MB/sec

10.68.12.33:46390:
num_msgs_expected=1000000, num_msgs_received=1000000 (loss rate=0.0%), received=1000MB, time=41205ms, msgs/sec=24268.9, throughput=24.27MB/sec

10.68.24.33:34223:
num_msgs_expected=1000000, num_msgs_received=1000000 (loss rate=0.0%), received=1000MB, time=41205ms, msgs/sec=24268.9, throughput=24.27MB/sec

10.68.4.33:54794:
num_msgs_expected=1000000, num_msgs_received=1000000 (loss rate=0.0%), received=1000MB, time=41205ms, msgs/sec=24268.9, throughput=24.27MB/sec

10.68.16.33:36409:
num_msgs_expected=1000000, num_msgs_received=1000000 (loss rate=0.0%), received=1000MB, time=41204ms, msgs/sec=24269.49, throughput=24.27MB/sec

10.68.8.33:34707:
num_msgs_expected=1000000, num_msgs_received=1000000 (loss rate=0.0%), received=1000MB, time=41204ms, msgs/sec=24269.49, throughput=24.27MB/sec

10.68.20.33:36667:
num_msgs_expected=1000000, num_msgs_received=1000000 (loss rate=0.0%), received=1000MB, time=41206ms, msgs/sec=24268.31, throughput=24.27MB/sec

10.68.28.33:40156 (myself):
num_msgs_expected=1000000, num_msgs_received=1000000 (loss rate=0.0%), received=1000MB, time=41182ms, msgs/sec=24282.45, throughput=24.28MB/sec

combined: 24270.89 msgs/sec averaged over all receivers (throughput=24.27MB/sec)

