

----------------------- TEST -----------------------
Date: Mon Aug 21 12:15:10 EDT 2006
Run by: bela

log_interval:	20000
msg_size:	1000
config:	./config_1_8_1000.txt
transport:	org.jgroups.tests.perf.transports.JGroupsTransport
num_senders:	1
sender:	false
props:	/home/bela/fc-fast-minimalthreads.xml
num_msgs:	1000000
num_members:	8
JGroups version: 2.4CR1


##### msgs_received, current time (in ms), msgs/sec, throughput/sec [KB], free_mem [KB] , total_mem [KB] 
20000 1156176913715 7642.34 7642338.56 386202.224 499712.0
40000 1156176916020 8126.78 8126777.73 422025.808 499712.0
60000 1156176916885 10368.07 10368066.36 463220.296 499712.0
80000 1156176917990 11607.66 11607661.06 359061.448 499712.0
100000 1156176919082 12525.05 12525050.1 401781.176 499712.0
120000 1156176920065 13382.4 13382402.14 444185.928 499712.0
140000 1156176920858 14344.26 14344262.3 487102.272 499712.0
160000 1156176921847 14885.11 14885105.59 382745.304 499712.0
180000 1156176922950 15187.31 15187310.16 444825.024 519045.12
200000 1156176923742 15817.78 15817779.18 340296.176 519045.12
220000 1156176924490 16427.72 16427718.04 421351.704 519045.12
240000 1156176925202 17016.45 17016449.23 502789.816 519045.12
260000 1156176925935 17523.76 17523758.17 398661.32 519045.12
280000 1156176926809 17821.91 17821908.22 479759.864 519045.12
300000 1156176927533 18253.73 18253726.8 375666.456 519045.12
320000 1156176928312 18589.52 18589520.16 457000.28 519045.12
340000 1156176929055 18934.12 18934120.4 352653.448 519045.12
360000 1156176929821 19227.69 19227687.87 433152.624 519045.12
380000 1156176930547 19538.28 19538279.6 328805.544 519045.12
400000 1156176931313 19787.29 19787286.67 410133.208 519045.12
420000 1156176932321 19789.85 19789850.63 491100.8 519045.12
440000 1156176933024 20067.5 20067499.77 387042.664 519045.12
460000 1156176933749 20308.15 20308154.17 468395.504 519045.12
480000 1156176934485 20524.22 20524222.86 363981.592 519045.12
500000 1156176935209 20737.42 20737422.75 445271.168 515899.392
520000 1156176935933 20938.19 20938192.07 340904.52 515899.392
540000 1156176936654 21130.07 21130067.3 422672.4 518455.296
560000 1156176937386 21302.5 21302495.44 501870.168 516816.896
580000 1156176938104 21476.71 21476708.88 397013.272 516816.896
600000 1156176938785 21670.82 21670820.24 479344.504 518127.616
620000 1156176939492 21835.6 21835599.07 375267.704 518127.616
640000 1156176940223 21974.25 21974248.93 454002.848 518258.688
660000 1156176940988 22080.96 22080963.53 349601.968 518258.688
680000 1156176941700 22220.77 22220769.88 429381.104 518389.76
700000 1156176942407 22357.79 22357788.5 507855.952 515571.712
720000 1156176943143 22468.4 22468403.81 402925.832 515571.712
740000 1156176943857 22589.21 22589212.12 484927.432 518389.76
760000 1156176944571 22704.87 22704866.61 380584.616 518389.76
780000 1156176945309 22799.68 22799684.31 461372.72 518258.688
800000 1156176945984 22931.84 22931835.12 357095.368 518258.688
820000 1156176946708 23027.24 23027239.54 437142.256 518324.224
840000 1156176947423 23124.57 23124569.86 332802.168 518324.224
860000 1156176948154 23208.12 23208117.44 412705.832 518324.224
880000 1156176948876 23293.98 23293980.62 492766.136 518389.76
900000 1156176949597 23377.23 23377230.58 388419.136 518389.76
920000 1156176950304 23465.8 23465796.05 468533.176 518324.224
940000 1156176951031 23539.43 23539428.54 363928.16 518324.224
960000 1156176951717 23634.26 23634259.83 444903.504 518258.688
980000 1156176952445 23701.84 23701840.52 340562.336 518258.688
1000000 1156176953214 23743.95 23743945.29 416715.48 514457.6

-- results:

10.68.16.33:36355:
num_msgs_expected=1000000, num_msgs_received=1000000 (loss rate=0.0%), received=1000MB, time=42144ms, msgs/sec=23728.17, throughput=23.73MB/sec

10.68.20.33:36614:
num_msgs_expected=1000000, num_msgs_received=1000000 (loss rate=0.0%), received=1000MB, time=42143ms, msgs/sec=23728.73, throughput=23.73MB/sec

10.68.0.33:40651:
num_msgs_expected=1000000, num_msgs_received=1000000 (loss rate=0.0%), received=1000MB, time=42142ms, msgs/sec=23729.3, throughput=23.73MB/sec

10.68.28.33:40102 (myself):
num_msgs_expected=1000000, num_msgs_received=1000000 (loss rate=0.0%), received=1000MB, time=42116ms, msgs/sec=23743.95, throughput=23.74MB/sec

10.68.8.33:34651:
num_msgs_expected=1000000, num_msgs_received=1000000 (loss rate=0.0%), received=1000MB, time=42142ms, msgs/sec=23729.3, throughput=23.73MB/sec

10.68.12.33:46336:
num_msgs_expected=1000000, num_msgs_received=1000000 (loss rate=0.0%), received=1000MB, time=42119ms, msgs/sec=23742.25, throughput=23.74MB/sec

10.68.24.33:34167:
num_msgs_expected=1000000, num_msgs_received=1000000 (loss rate=0.0%), received=1000MB, time=42139ms, msgs/sec=23730.99, throughput=23.73MB/sec

10.68.4.33:54738:
num_msgs_expected=1000000, num_msgs_received=1000000 (loss rate=0.0%), received=1000MB, time=42141ms, msgs/sec=23729.86, throughput=23.73MB/sec

combined: 23732.82 msgs/sec averaged over all receivers (throughput=23.73MB/sec)

