

----------------------- TEST -----------------------
Date: Fri Aug 18 08:54:55 EDT 2006
Run by: bela

log_interval:	5000
msg_size:	1000
config:	./config_2_8_1000.txt
transport:	org.jgroups.tests.perf.transports.JGroupsTransport
num_senders:	2
sender:	false
gnuplot_output:	true
props:	/home/bela/fc-fast-minimalthreads.xml
num_msgs:	500000
num_members:	8
JGroups version: 2.4CR1


##### msgs_received, current time (in ms), msgs/sec, throughput/sec [KB], free_mem [KB] , total_mem [KB] 
5000 1155905698844 2735.23 2735229.76 446879.0 499712.0
10000 1155905699177 4627.49 4627487.27 426664.4 499712.0
15000 1155905699408 6270.9 6270903.01 406446.184 499712.0
20000 1155905699573 7821.67 7821666.01 385218.568 499712.0
25000 1155905699775 9061.25 9061254.08 355899.768 499712.0
30000 1155905699955 10207.55 10207553.59 464574.72 499712.0
35000 1155905700461 10159.65 10159651.67 422547.896 499712.0
40000 1155905700502 11474.47 11474469.31 413451.944 499712.0
45000 1155905700657 12359.24 12359241.97 389920.12 499712.0
50000 1155905701184 11996.16 11996161.23 455122.312 499712.0
55000 1155905701234 13039.36 13039355.14 446406.616 499712.0
60000 1155905701297 14015.42 14015416.96 434390.608 499712.0
65000 1155905701554 14323.49 14323490.52 399460.744 499712.0
70000 1155905701717 14890.45 14890448.84 368013.064 499712.0
75000 1155905701812 15638.03 15638031.69 350545.52 499712.0
80000 1155905702097 15744.93 15744932.1 329680.08 499712.0
85000 1155905702675 15020.32 15020321.61 413706.896 499712.0
90000 1155905702718 15783.94 15783935.46 405813.096 499712.0
95000 1155905702757 16547.64 16547639.78 396961.816 499712.0
100000 1155905702813 17250.3 17250301.88 384929.68 499712.0
105000 1155905702942 17718.53 17718528.52 359374.16 499712.0
110000 1155905703089 18112.96 18112959 475791.2 499712.0
115000 1155905703829 16879.5 16879495.08 425057.888 499712.0
120000 1155905703892 17452.01 17452006.98 413556.688 499712.0
125000 1155905703972 17970.1 17970097.76 398631.632 499712.0
130000 1155905704130 18273.83 18273826.26 372497.656 499712.0
135000 1155905704260 18636.11 18636112.64 345351.088 499712.0
140000 1155905704770 18055.2 18055197.32 437697.544 481427.456
145000 1155905704960 18252.77 18252769.39 422030.376 481427.456
150000 1155905705204 18319.49 18319491.94 395659.6 481427.456
155000 1155905705481 18310.69 18310691.08 369853.336 481427.456
160000 1155905705894 18022.08 18022077.04 340996.864 481427.456
165000 1155905706050 18264.33 18264334.74 473006.224 497352.704
170000 1155905706909 17183.87 17183867.38 382328.552 497352.704
175000 1155905706948 17619.81 17619814.74 374713.72 497352.704
180000 1155905706998 18032.46 18032458.43 365508.096 497352.704
185000 1155905707037 18461.23 18461231.41 357876.456 497352.704
190000 1155905707209 18640.24 18640243.3 482685.96 494993.408
195000 1155905707492 18613.97 18613974.8 435493.76 494993.408
200000 1155905707706 18709.07 18709073.9 399728.584 494993.408
205000 1155905707746 19105.31 19105312.21 392096.944 494993.408
210000 1155905707941 19221.97 19221967.96 377139.544 494993.408
215000 1155905708221 19187.86 19187862.56 351015.2 494993.408
220000 1155905708431 19272.89 19272886.55 468570.864 499122.176
225000 1155905708617 19394.88 19394879.75 442718.456 499122.176
230000 1155905708745 19609.51 19609514.88 415038.632 499122.176
235000 1155905709065 19503.69 19503693.25 390348.232 499122.176
240000 1155905709222 19662.46 19662461.08 363640.6 499122.176
245000 1155905709796 19170.58 19170579.03 437900.528 498270.208
250000 1155905710012 19236.69 19236688.21 429685.976 498270.208
255000 1155905710072 19531.25 19531250 421792.408 498270.208
260000 1155905710249 19647.85 19647850.07 400139.736 498270.208
265000 1155905710575 19544.21 19544214.18 374005.608 498270.208
270000 1155905710727 19692.22 19692217.93 347928.2 498270.208
275000 1155905711015 19644.26 19644260.3 469886.088 500957.184
280000 1155905711157 19800.58 19800579.87 443380.352 500957.184
285000 1155905711298 19955.19 19955188.35 417231.8 500957.184
290000 1155905711740 19695.73 19695734.85 392084.32 500957.184
295000 1155905711962 19737.72 19737722.47 365972.184 500957.184
300000 1155905712562 19297.57 19297568.51 440970.376 500236.288
305000 1155905712630 19533.75 19533751.76 430355.16 500236.288
310000 1155905712742 19712.58 19712577.9 412312.952 500236.288
315000 1155905712783 19978.44 19978435.97 403542.056 500236.288
320000 1155905712922 20118.19 20118194.39 377494.952 500236.288
325000 1155905713061 20255.53 20255531.32 352150.112 500236.288
330000 1155905713932 19508.16 19508157.96 478853.512 502595.584
335000 1155905714101 19607.84 19607843.14 452728.168 502595.584
340000 1155905714415 19541.35 19541352.95 426364.328 502595.584
345000 1155905714558 19667.08 19667084.71 398652.536 502595.584
350000 1155905714705 19786.31 19786307.87 370239.592 502595.584
355000 1155905714840 19916.97 19916965.89 346692.232 502595.584
360000 1155905715227 19768.27 19768271.92 475522.984 501809.152
365000 1155905715373 19883.42 19883423.22 446906.696 501809.152
370000 1155905715513 20003.24 20003243.77 421362.64 501809.152
375000 1155905715648 20126.66 20126663.8 397546.744 501809.152
380000 1155905715914 20107.95 20107947.93 371027.24 501809.152
385000 1155905716059 20217.4 20217402.72 342735.352 501809.152
390000 1155905716206 20323.08 20323084.94 468988.8 503906.304
395000 1155905716372 20407.11 20407108.91 444239.648 503906.304
400000 1155905716566 20460.36 20460358.06 418083.76 503906.304
405000 1155905716783 20488.69 20488693.28 392029.776 503906.304
410000 1155905717060 20455 20454999 365196.104 503906.304
415000 1155905717209 20551.68 20551676.32 491012.512 502923.264
420000 1155905717347 20658.11 20658108.31 465897.792 502923.264
425000 1155905717533 20714.53 20714529.41 440769.832 502923.264
430000 1155905717812 20677.05 20677053.28 414678.12 502923.264
435000 1155905718124 20608.3 20608300.17 388613.776 502923.264
440000 1155905718294 20678.64 20678635.21 362495.816 502923.264
445000 1155905718531 20683.24 20683244.25 494648.8 505544.704
450000 1155905718889 20573.31 20573309.56 468077.912 505544.704
455000 1155905719036 20663.03 20663033.61 442022.848 505544.704
460000 1155905719213 20723.52 20723521.2 415698.008 505544.704
465000 1155905719368 20803.51 20803507.52 389824.208 505544.704
470000 1155905719534 20872.19 20872191.14 363307.616 505544.704
475000 1155905719673 20964.82 20964823.23 337884.944 505544.704
480000 1155905720152 20746.89 20746887.97 469748.816 504823.808
485000 1155905720283 20844.97 20844973.57 442738.48 504823.808
490000 1155905720411 20944.65 20944646.29 417174.592 504823.808
495000 1155905720546 21036.97 21036974.08 389784.208 504823.808
500000 1155905720673 21135.39 21135393.33 365046.664 504823.808
505000 1155905721028 21031.15 21031151.09 338898.096 504823.808
510000 1155905721262 21034.4 21034397.43 471796.04 506855.424
515000 1155905721476 21054.78 21054783.32 445041.76 506855.424
520000 1155905721605 21147.67 21147667.66 417198.968 506855.424
525000 1155905721733 21240.44 21240441.8 392772.296 506855.424
530000 1155905722106 21123.95 21123953.77 366310.392 506855.424
535000 1155905722249 21202.39 21202393.69 340045.176 506855.424
540000 1155905722382 21288.34 21288338.72 472394.344 506068.992
545000 1155905722528 21362.5 21362496.08 448737.448 506068.992
550000 1155905722817 21317 21317003.22 422669.56 506068.992
555000 1155905722955 21396.35 21396352.98 395205.248 506068.992
560000 1155905723083 21483.1 21483101.24 369902.16 506068.992
565000 1155905723321 21478.81 21478806.31 344345.4 506068.992
570000 1155905723758 21314.79 21314785.73 481059.984 508166.144
575000 1155905723886 21399.33 21399330.11 452773.184 508166.144
580000 1155905724015 21482.28 21482277.12 426583.792 508166.144
585000 1155905724145 21563.64 21563640.38 403182.032 508166.144
590000 1155905724372 21567.48 21567480.63 377180.256 508166.144
595000 1155905724542 21615.93 21615926.76 351047.4 508166.144
600000 1155905724749 21634.88 21634875.42 486004.512 507641.856
605000 1155905724878 21714.16 21714162.66 460412.896 507641.856
610000 1155905725089 21729.06 21729063.51 434634.504 507641.856
615000 1155905725224 21802.33 21802325.58 408532.024 507641.856
620000 1155905725501 21765.84 21765841.67 382442.688 507641.856
625000 1155905726006 21559.16 21559158.33 356036.992 507641.856
630000 1155905726159 21617.54 21617541.09 493988.576 509476.864
635000 1155905726412 21601.58 21601578.45 450432.832 509476.864
640000 1155905726626 21614.32 21614319.49 411770.68 509476.864
645000 1155905726832 21632.68 21632680.44 399248.168 509476.864
650000 1155905726888 21759.51 21759507.23 390047.552 509476.864
655000 1155905727193 21705.27 21705272.23 363666.824 509476.864
660000 1155905727356 21753.46 21753460.78 334868.544 509476.864
665000 1155905727590 21750.51 21750506.97 457208.8 508952.576
670000 1155905727948 21660.42 21660416.4 437305.488 508952.576
675000 1155905728031 21763.66 21763662.74 418953.608 508952.576
680000 1155905728158 21835.46 21835463.36 391844.96 508952.576
685000 1155905728287 21905.28 21905279.65 364594.12 508952.576
690000 1155905728414 21975.92 21975922.03 341816.272 508952.576
695000 1155905728806 21862.22 21862220.82 485505.136 511049.728
700000 1155905728934 21931.2 21931198.7 458227.464 511049.728
705000 1155905729063 21998.94 21998939.06 431407.576 511049.728
710000 1155905729219 22047.64 22047635.31 407428.896 511049.728
715000 1155905729620 21929.82 21929824.56 381358.584 511049.728
720000 1155905729750 21995.48 21995478.71 354022.768 511049.728
725000 1155905729882 22059.27 22059270.98 494973.104 510459.904
730000 1155905730044 22102.46 22102458.52 470482.936 510459.904
735000 1155905730475 21967.18 21967183.72 443910.376 510459.904
740000 1155905730644 22005.47 22005471.63 417915.32 510459.904
745000 1155905730812 22044.03 22044028.88 391641.44 510459.904
750000 1155905731013 22060.77 22060770.07 364886.68 510459.904
755000 1155905731142 22123.89 22123893.81 339442.12 510459.904
760000 1155905731315 22158.08 22158080.41 485728.824 512425.984
765000 1155905731478 22198.36 22198363.41 458831.512 512425.984
770000 1155905731605 22261.41 22261412.59 431940.512 512425.984
775000 1155905731785 22289.97 22289970.95 407132.024 512425.984
780000 1155905732332 22086.31 22086306.49 381062.608 512425.984
785000 1155905732481 22134.5 22134498.8 354208.52 512425.984
790000 1155905732619 22189.14 22189141.36 497268.64 511901.696
795000 1155905732760 22241.5 22241495.08 470493.624 511901.696
800000 1155905733001 22231.49 22231485.34 446833.832 511901.696
805000 1155905733190 22253.55 22253552.28 420420.832 511901.696
810000 1155905733349 22293.78 22293782.51 393218.536 511901.696
815000 1155905733492 22343.46 22343458.71 365869.44 511901.696
820000 1155905733628 22397.03 22397028.3 341646.664 511901.696
825000 1155905733815 22419.09 22419087.48 490299.736 513474.56
830000 1155905734017 22431.83 22431826.17 464153.272 513474.56
835000 1155905734297 22397.47 22397467.88 438062.896 513474.56
840000 1155905734630 22332.11 22332110.38 411943.048 513474.56
845000 1155905734814 22355.68 22355680.19 385823.184 513474.56
850000 1155905734979 22390.22 22390222.06 359746.456 513474.56
855000 1155905735339 22310.36 22310361.92 333674.72 513474.56
860000 1155905735500 22346.95 22346949.38 478755.568 513015.808
865000 1155905735658 22384.97 22384969.72 449642.376 513015.808
870000 1155905735800 22431.93 22431930.69 425621.592 513015.808
875000 1155905736228 22314.6 22314597.57 402581.984 513015.808
880000 1155905736391 22349.21 22349206.35 376315.808 513015.808
885000 1155905736549 22386.36 22386360.76 349038.208 513015.808
890000 1155905736698 22428.31 22428305.02 496307.448 514326.528
895000 1155905736972 22399.64 22399639.6 450528.456 514326.528
900000 1155905737142 22429.35 22429347.56 435122.632 514326.528
905000 1155905737232 22503.48 22503481.2 417948.272 514326.528
910000 1155905737615 22414.35 22414345.18 392744.664 514326.528
915000 1155905737861 22401.76 22401762.76 366629.144 514326.528
920000 1155905738105 22390.42 22390420.79 340571.848 514326.528
925000 1155905738384 22360.28 22360278.48 490627.568 513933.312
930000 1155905738623 22352.01 22352008.08 464825.768 513933.312
935000 1155905738872 22338.49 22338493.88 438445.072 513933.312
940000 1155905739143 22313.48 22313480.67 412646.392 513933.312
945000 1155905739391 22300.88 22300884.96 386257.792 513933.312
950000 1155905739640 22287.91 22287912.91 360064.728 513933.312
955000 1155905739884 22277.69 22277689.65 334063.872 513933.312
960000 1155905740166 22247.97 22247972.19 484537.504 515047.424
965000 1155905740411 22237.58 22237584.98 458735.376 515047.424
970000 1155905740657 22226.81 22226805.07 432348.104 515047.424
975000 1155905740937 22198.95 22198948.11 406549.52 515047.424
980000 1155905741189 22185.5 22185497.93 380423.52 515047.424
985000 1155905741438 22173.7 22173697.72 354028.344 515047.424
990000 1155905741704 22153.6 22153598.28 328226.096 515047.424
995000 1155905741952 22142.6 22142602.81 479778.8 514719.744
1000000 1155905742222 22120.96 22120957.4 453467.832 514719.744

-- results:

10.68.24.33:34037:
num_msgs_expected=1000000, num_msgs_received=1000000 (loss rate=0.0%), received=1000MB, time=45231ms, msgs/sec=22108.73, throughput=22.11MB/sec

10.68.20.33:36480:
num_msgs_expected=1000000, num_msgs_received=1000000 (loss rate=0.0%), received=1000MB, time=45232ms, msgs/sec=22108.24, throughput=22.11MB/sec

10.68.16.33:36229:
num_msgs_expected=1000000, num_msgs_received=1000000 (loss rate=0.0%), received=1000MB, time=45233ms, msgs/sec=22107.75, throughput=22.11MB/sec

10.68.4.33:49867:
num_msgs_expected=1000000, num_msgs_received=1000000 (loss rate=0.0%), received=1000MB, time=45232ms, msgs/sec=22108.24, throughput=22.11MB/sec

10.68.0.33:40394:
num_msgs_expected=1000000, num_msgs_received=1000000 (loss rate=0.0%), received=1000MB, time=45233ms, msgs/sec=22107.75, throughput=22.11MB/sec

10.68.12.33:37445:
num_msgs_expected=1000000, num_msgs_received=1000000 (loss rate=0.0%), received=1000MB, time=45233ms, msgs/sec=22107.75, throughput=22.11MB/sec

10.68.28.33:39957 (myself):
num_msgs_expected=1000000, num_msgs_received=1000000 (loss rate=0.0%), received=1000MB, time=45206ms, msgs/sec=22120.96, throughput=22.12MB/sec

10.68.8.33:34524:
num_msgs_expected=1000000, num_msgs_received=1000000 (loss rate=0.0%), received=1000MB, time=45233ms, msgs/sec=22107.75, throughput=22.11MB/sec

combined: 22109.65 msgs/sec averaged over all receivers

