

----------------------- TEST -----------------------
Date: Tue Jun 19 06:02:02 EDT 2007
Run by: bela

log_interval:	50000
msg_size:	1000
config:	/home/bela/config.txt
transport:	org.jgroups.tests.perf.transports.JGroupsTransport
num_senders:	6
sender:	true
props:	./udp.xml
dump_transport_stats:	false
num_msgs:	1000000
processing_delay:	0
num_members:	6
jmx:	false
JGroups version: 2.5.0 CR1


##### msgs_received, current time (in ms), msgs/sec, throughput/sec [KB], free_mem [KB] , total_mem [KB] 
50000 1182247331030 6465.8 6465795.94 196157.288 380108.8
100000 1182247333058 10244.85 10244851.96 160399.416 380108.8
150000 1182247335405 12388.5 12388503.47 140309.624 380108.8
200000 1182247337811 13779.8 13779798.81 303782.464 379584.512
250000 1182247340542 14496.96 14496955.64 323963.024 376766.464
300000 1182247341919 16109.98 16109977.45 181999.52 376766.464
350000 1182247345124 16035.19 16035185.78 183023.928 349831.168
400000 1182247347039 16847.78 16847780.3 232990.88 375783.424
450000 1182247348415 17915.44 17915439.13 232458.88 347471.872
500000 1182247352000 17419.78 17419781.9 128496.176 375390.208
550000 1182247353975 17928.16 17928156.99 133041.792 375193.6
600000 1182247356251 18207.2 18207197.91 144209.848 376438.784
650000 1182247358435 18498.49 18498491.66 132468.408 345243.648
700000 1182247360036 19053.32 19053322.08 211273.28 375521.28
750000 1182247362189 19284.17 19284171.55 180726.912 375848.96
800000 1182247363707 19797.08 19797079.93 233479.192 376438.784
850000 1182247366546 19653.63 19653633.61 219266.648 375848.96
900000 1182247369082 19657.09 19657092.93 227248.208 378535.936
950000 1182247370644 20064.63 20064629.23 291781.968 377749.504
1000000 1182247373694 19842.45 19842450.94 202751.216 379912.192
1050000 1182247375670 20048.5 20048498.27 218322.712 378273.792
1100000 1182247378807 19816.25 19816249.32 171392.672 382730.24
1150000 1182247380356 20154.58 20154576.84 254565.712 381616.128
1200000 1182247382830 20156.89 20156887.78 100572.552 381616.128
1250000 1182247385194 20194.84 20194839.81 190604.776 383582.208
1300000 1182247387676 20192.92 20192920.05 277859.544 383320.064
1350000 1182247389756 20313.28 20313275.85 113337.76 383320.064
1400000 1182247391339 20575.53 20575526.88 208151.632 384827.392
1450000 1182247393220 20737.1 20737096.52 297501.528 384106.496
1500000 1182247395001 20919.34 20919335.04 147634.352 384106.496
1550000 1182247397856 20788.91 20788905.43 177334.408 386531.328
1600000 1182247400008 20857.5 20857504.14 208216.808 374800.384
1650000 1182247401984 20969.16 20969156.28 240196.36 384565.248
1700000 1182247405738 20620.81 20620807.61 276379.488 384499.712
1750000 1182247407639 20748.86 20748855.85 79466.176 384499.712
1800000 1182247409816 20804.68 20804678.74 173356.536 386990.08
1850000 1182247412341 20776.25 20776245.45 267653.144 386138.112
1900000 1182247414076 20929.95 20929950.76 116807.04 386138.112
1950000 1182247416323 20961.88 20961881.62 215310.912 388956.16
2000000 1182247418506 21006.42 21006417.46 293157.592 387907.584
2050000 1182247420812 21022.41 21022406.81 130455.152 387907.584
2100000 1182247422572 21153.36 21153361.87 188427.128 391774.208
2150000 1182247424406 21264.18 21264180.24 278905.936 390070.272
2200000 1182247426530 21311.01 21311014.89 114795.88 390070.272
2250000 1182247428620 21362.86 21362855.22 182787.664 394264.576
2300000 1182247431169 21321.57 21321566.3 259464.488 393478.144
2350000 1182247433188 21384.83 21384826.78 117831.752 393478.144
2400000 1182247435132 21460.19 21460186.88 143508.928 395116.544
2450000 1182247437620 21430.51 21430508.3 159000.848 394985.472
2500000 1182247440349 21358.03 21358028.91 247275.888 394985.472
2550000 1182247442216 21443.17 21443167.2 289412.248 395575.296
2600000 1182247444360 21476.42 21476421.37 87458.04 395575.296
2650000 1182247446529 21504.15 21504154.76 105825.024 397737.984
2700000 1182247448302 21599.14 21599136.03 77918.344 396034.048
2750000 1182247450031 21698.99 21698991.59 165669.112 390660.096
2800000 1182247452485 21673.84 21673839.68 233921.232 393347.072
2850000 1182247454485 21724.55 21724547.98 64387.536 393347.072
2900000 1182247456327 21799.59 21799594.08 148586.312 394133.504
2950000 1182247458017 21897.27 21897268.41 256545.128 393674.752
3000000 1182247459461 22032.26 22032255.22 91836.368 393674.752
3050000 1182247461955 21996.57 21996567.09 163647.72 395444.224
3100000 1182247463682 22082.13 22082131.28 223433.4 394723.328
3150000 1182247465374 22171.08 22171076.25 57067.36 394723.328
3200000 1182247467104 22252.05 22252046.15 156060.192 395247.616
3250000 1182247468641 22360.74 22360744.17 221843.28 395706.368
3300000 1182247470343 22441.96 22441956.94 262389.248 397410.304
3350000 1182247472930 22388.11 22388109.57 43582.08 397410.304
3400000 1182247477311 22075.92 22075915.18 89505.704 396558.336
3450000 1182247482567 21661.33 21661329.82 166907.68 398917.632
3500000 1182247486387 21460.54 21460543.26 188640.512 398524.416
3550000 1182247489351 21378.59 21378587.69 202760.984 397934.592
3600000 1182247493195 21189.18 21189184.1 194737.096 398721.024
3650000 1182247502499 20368.08 20368076.25 234688.648 399769.6
3700000 1182247509817 19837.01 19837014.8 267567.416 399245.312
3750000 1182247512764 19792.36 19792364.9 299248.944 401145.856
3800000 1182247515343 19786.93 19786926.05 340302.936 400490.496
3850000 1182247518224 19750.98 19750983.7 122208.616 400490.496
3900000 1182247520712 19755.34 19755337.74 110203.056 402456.576
3950000 1182247522585 19820.56 19820561.2 193251.512 401735.68
4000000 1182247524771 19853.68 19853678.39 266986.768 402456.576
4050000 1182247526334 19947.1 19947103.24 135145.408 402456.576
4100000 1182247528271 20002.54 20002536.91 191507.336 402522.112
4150000 1182247530390 20039.31 20039306.01 212373.6 401801.216
4200000 1182247531980 20126.22 20126220.15 240867.736 402259.968
4250000 1182247535694 20009.7 20009698.82 201241.576 397934.592
4300000 1182247537526 20071.98 20071979.05 204615.512 399638.528
4350000 1182247538978 20168.68 20168675.03 298064.4 393609.216
4400000 1182247543412 19989.55 19989550.92 326408.416 396623.872
4450000 1182247545396 20036.11 20036110.02 311195.0 397344.768
4500000 1182247546946 20120.81 20120814.31 114728.704 397344.768
4550000 1182247550128 20058.99 20058986.65 140091.672 397410.304
4600000 1182247552921 20032.75 20032749.19 194115.528 394919.936
4650000 1182247555436 20031.1 20031102.06 312687.152 396165.12
4700000 1182247557198 20093.97 20093971.38 166060.568 396165.12
4750000 1182247559901 20075.74 20075738.36 172050.328 396754.944
4800000 1182247561787 20126.63 20126630.05 203439.12 396296.192
4850000 1182247563886 20158.86 20158860.13 224405.824 398262.272
4900000 1182247566788 20123.95 20123947.09 215962.424 395182.08
4950000 1182247570210 20047.55 20047547.11 184687.832 393871.36
5000000 1182247572254 20083.79 20083789.57 197007.528 394919.936
5050000 1182247574242 20123.93 20123931.54 194037.368 395837.44
5100000 1182247578509 19983.39 19983386.36 251882.744 395247.616
5150000 1182247581730 19927.8 19927795.6 269327.168 396427.264
5200000 1182247583664 19971.81 19971809.02 250983.152 395247.616
5250000 1182247587481 19872.51 19872513.1 79293.384 395247.616
5300000 1182247589371 19919.27 19919270.58 204891.944 396230.656
5350000 1182247592217 19894.39 19894392.38 304634.272 395902.976
5400000 1182247595265 19855.28 19855277.09 155779.68 395902.976
5450000 1182247596743 19930.81 19930809.01 263441.088 396492.8
5500000 1182247598147 20010.92 20010915.04 120053.304 396492.8
5550000 1182247600489 20022.22 20022222.86 234581.296 396296.192
5600000 1182247602386 20065.28 20065283.83 85452.936 396296.192
5650000 1182247604964 20059.15 20059147.86 192504.656 397737.984
5700000 1182247611029 19810.1 19810101.07 294563.216 397410.304
5750000 1182247620650 19337.29 19337285.99 154038.088 397410.304
5800000 1182247623305 19332.82 19332817.79 267226.016 398852.096
5850000 1182247627540 19228.05 19228051.26 123554.256 398852.096
5900000 1182247629929 19241.31 19241305.54 241573.08 398393.344
5950000 1182247631893 19280.87 19280872.08 93215.96 398393.344
6000000 1182247633658 19332.33 19332325.9 216440.856 400031.744

-- results:

10.68.24.33:33778:
num_msgs_expected=6000000, num_msgs_received=6000000 (loss rate=0.0%), received=6GB, time=310398ms, msgs/sec=19330.02, throughput=19.33MB

10.68.28.33:51182 (myself):
num_msgs_expected=6000000, num_msgs_received=6000000 (loss rate=0.0%), received=6GB, time=310361ms, msgs/sec=19332.33, throughput=19.33MB

10.68.0.33:52454:
num_msgs_expected=6000000, num_msgs_received=6000000 (loss rate=0.0%), received=6GB, time=310646ms, msgs/sec=19314.59, throughput=19.31MB

10.68.16.33:35035:
num_msgs_expected=6000000, num_msgs_received=6000000 (loss rate=0.0%), received=6GB, time=310375ms, msgs/sec=19331.45, throughput=19.33MB

10.68.12.33:35904:
num_msgs_expected=6000000, num_msgs_received=6000000 (loss rate=0.0%), received=6GB, time=310402ms, msgs/sec=19329.77, throughput=19.33MB

10.68.4.33:37809:
num_msgs_expected=6000000, num_msgs_received=6000000 (loss rate=0.0%), received=6GB, time=310402ms, msgs/sec=19329.77, throughput=19.33MB

combined: 19327.99 msgs/sec averaged over all receivers (throughput=19.33MB/sec)


-- results:

10.68.24.33:33778:
num_msgs_expected=6000000, num_msgs_received=6000000 (loss rate=0.0%), received=6GB, time=310398ms, msgs/sec=19330.02, throughput=19.33MB

10.68.28.33:51182 (myself):
num_msgs_expected=6000000, num_msgs_received=6000000 (loss rate=0.0%), received=6GB, time=310361ms, msgs/sec=19332.33, throughput=19.33MB

10.68.0.33:52454:
num_msgs_expected=6000000, num_msgs_received=6000000 (loss rate=0.0%), received=6GB, time=310646ms, msgs/sec=19314.59, throughput=19.31MB

10.68.16.33:35035:
num_msgs_expected=6000000, num_msgs_received=6000000 (loss rate=0.0%), received=6GB, time=310375ms, msgs/sec=19331.45, throughput=19.33MB

10.68.12.33:35904:
num_msgs_expected=6000000, num_msgs_received=6000000 (loss rate=0.0%), received=6GB, time=310402ms, msgs/sec=19329.77, throughput=19.33MB

10.68.4.33:37809:
num_msgs_expected=6000000, num_msgs_received=6000000 (loss rate=0.0%), received=6GB, time=310402ms, msgs/sec=19329.77, throughput=19.33MB

combined: 19327.99 msgs/sec averaged over all receivers (throughput=19.33MB/sec)


-- results:

10.68.24.33:33778:
num_msgs_expected=6000000, num_msgs_received=6000000 (loss rate=0.0%), received=6GB, time=310398ms, msgs/sec=19330.02, throughput=19.33MB

10.68.28.33:51182 (myself):
num_msgs_expected=6000000, num_msgs_received=6000000 (loss rate=0.0%), received=6GB, time=310361ms, msgs/sec=19332.33, throughput=19.33MB

10.68.0.33:52454:
num_msgs_expected=6000000, num_msgs_received=6000000 (loss rate=0.0%), received=6GB, time=310646ms, msgs/sec=19314.59, throughput=19.31MB

10.68.16.33:35035:
num_msgs_expected=6000000, num_msgs_received=6000000 (loss rate=0.0%), received=6GB, time=310375ms, msgs/sec=19331.45, throughput=19.33MB

10.68.12.33:35904:
num_msgs_expected=6000000, num_msgs_received=6000000 (loss rate=0.0%), received=6GB, time=310402ms, msgs/sec=19329.77, throughput=19.33MB

10.68.4.33:37809:
num_msgs_expected=6000000, num_msgs_received=6000000 (loss rate=0.0%), received=6GB, time=310402ms, msgs/sec=19329.77, throughput=19.33MB

combined: 19327.99 msgs/sec averaged over all receivers (throughput=19.33MB/sec)


-- results:

10.68.24.33:33778:
num_msgs_expected=6000000, num_msgs_received=6000000 (loss rate=0.0%), received=6GB, time=310398ms, msgs/sec=19330.02, throughput=19.33MB

10.68.28.33:51182 (myself):
num_msgs_expected=6000000, num_msgs_received=6000000 (loss rate=0.0%), received=6GB, time=310361ms, msgs/sec=19332.33, throughput=19.33MB

10.68.0.33:52454:
num_msgs_expected=6000000, num_msgs_received=6000000 (loss rate=0.0%), received=6GB, time=310646ms, msgs/sec=19314.59, throughput=19.31MB

10.68.16.33:35035:
num_msgs_expected=6000000, num_msgs_received=6000000 (loss rate=0.0%), received=6GB, time=310375ms, msgs/sec=19331.45, throughput=19.33MB

10.68.12.33:35904:
num_msgs_expected=6000000, num_msgs_received=6000000 (loss rate=0.0%), received=6GB, time=310402ms, msgs/sec=19329.77, throughput=19.33MB

10.68.4.33:37809:
num_msgs_expected=6000000, num_msgs_received=6000000 (loss rate=0.0%), received=6GB, time=310402ms, msgs/sec=19329.77, throughput=19.33MB

combined: 19327.99 msgs/sec averaged over all receivers (throughput=19.33MB/sec)

