

----------------------- TEST -----------------------
Date: Tue Jun 19 06:15:45 EDT 2007
Run by: bela

log_interval:	50000
msg_size:	2500
config:	/home/bela/config.txt
transport:	org.jgroups.tests.perf.transports.JGroupsTransport
num_senders:	6
sender:	true
props:	./udp.xml
dump_transport_stats:	false
num_msgs:	1000000
processing_delay:	0
num_members:	6
jmx:	false
JGroups version: 2.5.0 CR1


##### msgs_received, current time (in ms), msgs/sec, throughput/sec [KB], free_mem [KB] , total_mem [KB] 
50000 1182248156525 4783.32 11958289.49 304472.616 380108.8
100000 1182248161983 6284.96 15712400.23 272029.736 390856.704
150000 1182248167118 7127.25 17818112.71 126759.008 391118.848
200000 1182248173022 7421.15 18552875.7 323471.528 393150.464
250000 1182248178409 7731.08 19327705.11 125826.824 394199.04
300000 1182248182083 8330.79 20826969.54 281810.128 394788.864
350000 1182248186795 8594.65 21486629.18 144837.672 395902.976
400000 1182248192963 8530.42 21326054.04 107909.592 396689.408
450000 1182248198919 8515.15 21287868.75 310686.192 397869.056
500000 1182248202749 8821.92 22054801.77 330200.776 398458.88
550000 1182248206554 9093.61 22734036.57 254051.8 397344.768
600000 1182248211370 9188.64 22971607.09 302989.8 395313.152
650000 1182248216679 9205.89 23014715.25 145507.024 398131.2
700000 1182248221953 9224.97 23062426.69 172722.968 397017.088
750000 1182248226050 9377.58 23443947.09 158863.968 397344.768
800000 1182248230394 9487.44 23718602.5 301478.856 397475.84
850000 1182248235380 9517.62 23794061 107669.16 392560.64
900000 1182248241404 9440.69 23601728.7 231394.616 398458.88
950000 1182248244616 9640.36 24100909.24 279582.712 392364.032
1000000 1182248249127 9703.56 24258890.88 118283.872 395313.152
1050000 1182248253103 9810.24 24525604.73 78062.584 395182.08
1100000 1182248259518 9696.24 24240607.87 162946.832 395182.08
1150000 1182248263853 9763.88 24409709.55 344054.944 396165.12
1200000 1182248268014 9840.74 24601859.9 287503.064 397017.088
1250000 1182248273321 9823.26 24558149.77 198846.744 397148.16
1300000 1182248279314 9756.68 24391708.32 346690.272 396296.192
1350000 1182248284873 9726.15 24315386.78 325358.776 397672.448
1400000 1182248290163 9716.08 24290205.5 216205.48 391577.6
1450000 1182248295819 9683 24207496.64 98166.992 395968.512
1500000 1182248300936 9685.92 24214794.92 133443.2 395706.368
1550000 1182248305892 9698.41 24246026.78 131665.192 396296.192
1600000 1182248310510 9730.11 24325277.61 336285.384 397672.448
1650000 1182248314976 9768.86 24422156.96 82562.464 398655.488
1700000 1182248319043 9828.24 24570592.76 310164.72 399572.992
1750000 1182248323539 9860.99 24652470.6 284308.848 382074.88
1800000 1182248328451 9869.56 24673893.38 265979.688 393150.464
1850000 1182248331872 9956.94 24892357.37 98649.048 397934.592
1900000 1182248336234 9991.48 24978702.37 86372.752 397934.592
1950000 1182248341403 9983.05 24957636.01 144492.744 380764.16
2000000 1182248345290 10039.25 25098133.7 236655.584 398393.344
2050000 1182248350663 10019.99 25049977.76 146048.4 399835.136
2100000 1182248356865 9962.38 24905950.39 217842.376 400162.816
2150000 1182248360332 10034.54 25086343.69 267243.44 401408.0
2200000 1182248365371 10031.97 25079913.73 167417.56 402915.328
2250000 1182248370669 10017.94 25044858.12 34540.456 398917.632
2300000 1182248375072 10043.67 25109170.31 276062.344 401342.464
2350000 1182248379723 10057.74 25144339.21 153162.32 400031.744
2400000 1182248383490 10108.75 25271883.34 317039.016 399048.704
2450000 1182248388666 10099.18 25247945.13 184019.848 397541.376
2500000 1182248392736 10135.24 25338111.76 121110.496 391905.28
2550000 1182248397928 10124.83 25312083.1 323299.232 395378.688
2600000 1182248402573 10136.41 25341031.81 215883.008 396165.12
2650000 1182248407227 10147.23 25368076.43 216154.72 394723.328
2700000 1182248412434 10136.58 25341452.61 255852.704 398131.2
2750000 1182248417117 10145.92 25364791.82 143246.416 399638.528
2800000 1182248420576 10200.22 25500539.15 219126.704 400883.712
2850000 1182248424593 10232.62 25581553.99 273709.368 396623.872
2900000 1182248429126 10245.39 25613487.18 221690.744 399638.528
2950000 1182248435201 10203.06 25507645.38 141984.264 400818.176
3000000 1182248439473 10224.91 25562285.06 162706.272 400752.64
3050000 1182248443511 10254.2 25635508.46 72127.488 399441.92
3100000 1182248448063 10265.21 25663016.45 69034.48 398852.096
3150000 1182248452373 10284 25710004.21 289462.624 400228.352
3200000 1182248457752 10266.94 25667351.13 86590.024 400031.744
3250000 1182248462817 10260.62 25651549.35 46871.096 399638.528
3300000 1182248466173 10309.25 25773115.36 25280.504 399376.384
3350000 1182248470555 10324.12 25810288.98 207285.52 398655.488
3400000 1182248477107 10270.82 25677043.21 52504.912 399048.704
3450000 1182248482242 10262.66 25656661.81 125824.152 399966.208
3500000 1182248486937 10267.99 25669986.65 260634.216 401997.824
3550000 1182248491278 10283.71 25709286.63 182436.608 400818.176
3600000 1182248495442 10304.26 25760654.89 307815.44 401014.784
3650000 1182248499612 10324.15 25810375.06 155778.6 398786.56
3700000 1182248503614 10348.43 25871086.47 315497.128 400097.28
3750000 1182248508800 10338.33 25845812.84 184835.152 400949.248
3800000 1182248512550 10368.97 25922429.18 208538.096 401408.0
3850000 1182248517248 10372.44 25931094.68 65838.288 401997.824
3900000 1182248521928 10376.31 25940785.83 289596.104 401670.144
3950000 1182248525691 10405.17 26012923.48 59827.192 401408.0
4000000 1182248529490 10432.48 26081195.98 182598.928 401604.608
4050000 1182248534186 10435.08 26087695.88 281476.912 401211.392
4100000 1182248539023 10433.87 26084677.22 73622.44 396099.584
4150000 1182248542619 10465.34 26163355.16 83191.168 399638.528
4200000 1182248546714 10483.17 26207936.26 80806.504 399769.6
4250000 1182248552069 10468.06 26170144.11 127773.552 399835.136
4300000 1182248557324 10455.88 26139690.51 151812.712 396034.048
4350000 1182248561628 10467.9 26169758.11 76319.184 395575.296
4400000 1182248565881 10480.96 26202392.04 294826.32 397869.056
4450000 1182248570561 10483.19 26207981.83 68519.136 398131.2
4500000 1182248576008 10466.67 26166685.27 221717.0 399966.208
4550000 1182248582129 10434.42 26086039.21 127798.12 396951.552
4600000 1182248585571 10466.46 26166157.37 75062.008 397737.984
4650000 1182248590502 10462.84 26157100.11 144931.032 397934.592
4700000 1182248594886 10472.04 26180110.25 88601.296 397869.056
4750000 1182248600999 10441.24 26103089.07 43141.608 391643.136
4800000 1182248606478 10425.58 26063952.25 272914.856 392757.248
4850000 1182248610643 10439.74 26099347.57 150108.968 395771.904
4900000 1182248615487 10438.52 26096311.37 266643.504 396623.872
4950000 1182248620626 10430.85 26077116.62 187794.464 398131.2
5000000 1182248624003 10461.76 26154403.04 279437.76 397017.088
5050000 1182248628467 10468.6 26171498.46 305002.696 391643.136
5100000 1182248633038 10473.01 26182526.09 138415.512 392626.176
5150000 1182248638031 10468.35 26170880.09 192318.056 392429.568
5200000 1182248643859 10446.24 26115587.59 57786.784 385482.752
5250000 1182248648773 10443.58 26108959.4 261963.808 394002.432
5300000 1182248654493 10424.43 26061079.3 228990.672 394592.256
5350000 1182248659327 10423.67 26059171.37 139356.496 395182.08
5400000 1182248664776 10410.56 26026404.27 274476.584 396492.8
5450000 1182248669157 10418.96 26047391.92 211762.648 396361.728
5500000 1182248673396 10430.02 26075050.63 139212.312 397017.088
5550000 1182248678325 10427.37 26068429.86 327353.344 399179.776
5600000 1182248683334 10423.22 26058049.89 242941.432 398131.2
5650000 1182248687014 10444.74 26111856.72 207635.744 399376.384
5700000 1182248691654 10447.56 26118896.88 158390.576 399310.848
5750000 1182248696700 10442.62 26106554.7 96681.592 400424.96
5800000 1182248701195 10448.13 26120337.29 323601.328 401342.464
5850000 1182248705033 10465.85 26164616.14 289714.712 400687.104
5900000 1182248710549 10452.15 26130382.64 244524.608 402063.36
5950000 1182248717079 10420.19 26050468.73 223359.288 401670.144
6000000 1182248721168 10433.04 26082601.86 192162.2 403046.4

-- results:

10.68.16.33:35037:
num_msgs_expected=6000000, num_msgs_received=6000000 (loss rate=0.0%), received=15GB, time=575125ms, msgs/sec=10432.51, throughput=26.08MB

10.68.24.33:33780:
num_msgs_expected=6000000, num_msgs_received=6000000 (loss rate=0.0%), received=15GB, time=575121ms, msgs/sec=10432.59, throughput=26.08MB

10.68.12.33:35906:
num_msgs_expected=6000000, num_msgs_received=6000000 (loss rate=0.0%), received=15GB, time=575124ms, msgs/sec=10432.53, throughput=26.08MB

10.68.28.33:51185 (myself):
num_msgs_expected=6000000, num_msgs_received=6000000 (loss rate=0.0%), received=15GB, time=575096ms, msgs/sec=10433.04, throughput=26.08MB

10.68.0.33:52470:
num_msgs_expected=6000000, num_msgs_received=6000000 (loss rate=0.0%), received=15GB, time=575101ms, msgs/sec=10432.95, throughput=26.08MB

10.68.4.33:37824:
num_msgs_expected=6000000, num_msgs_received=6000000 (loss rate=0.0%), received=15GB, time=575121ms, msgs/sec=10432.59, throughput=26.08MB

combined: 10432.7 msgs/sec averaged over all receivers (throughput=26.08MB/sec)

