

----------------------- TEST -----------------------
Date: Tue Jun 19 07:27:14 EDT 2007
Run by: bela

log_interval:	50000
msg_size:	5000
config:	/home/bela/config.txt
transport:	org.jgroups.tests.perf.transports.JGroupsTransport
num_senders:	6
sender:	true
props:	./tcp.xml
dump_transport_stats:	false
num_msgs:	1000000
processing_delay:	0
num_members:	6
jmx:	false
JGroups version: 2.5.0 CR1


##### msgs_received, current time (in ms), msgs/sec, throughput/sec [KB], free_mem [KB] , total_mem [KB] 
50000 1182252444805 5512.68 27563395.81 191428.6 380108.8
100000 1182252448501 7833.31 39166536.11 336146.36 400752.64
150000 1182252451734 9375.59 46877929.87 339204.888 402456.576
200000 1182252454789 10496.48 52482418.39 317358.736 402587.648
250000 1182252457637 11414.48 57072413.48 313364.28 403701.76
300000 1182252460257 12233.91 61169562.03 310423.656 388628.48
350000 1182252462764 12949.05 64745273.6 295341.152 404029.44
400000 1182252465157 13595.27 67976344.23 264531.112 404488.192
450000 1182252467477 14176.8 70884002.27 240200.096 407240.704
500000 1182252469866 14649.44 73247194.63 231476.8 407568.384
550000 1182252472201 15082.54 75412713.21 203148.464 408354.816
600000 1182252474581 15445.61 77228028.63 192899.296 407633.92
650000 1182252476976 15761.01 78805072.62 159522.816 404160.512
700000 1182252479328 16057.62 80288119.65 113801.616 400031.744
750000 1182252481733 16305.06 81525283.71 372842.256 404684.8
800000 1182252484135 16528.93 82644628.1 337871.936 405864.448
850000 1182252486567 16721.75 83608750.39 304322.968 405667.84
900000 1182252488975 16904.58 84522915.1 276346.104 405471.232
950000 1182252491465 17046.47 85232370.36 231581.536 397017.088
1000000 1182252493881 17198.09 85990437.86 211879.136 404488.192
1050000 1182252496279 17342.76 86713794.93 174018.952 401670.144
1100000 1182252498610 17495.03 87475149.11 137119.264 402522.112
1150000 1182252500983 17625.06 88125306.52 89394.8 400883.712
1200000 1182252503458 17719.24 88596193.32 341351.424 402653.184
1250000 1182252505843 17829.63 89148171.39 298086.568 403832.832
1300000 1182252508199 17939.94 89699712.96 258635.928 403570.688
1350000 1182252510533 18048.61 90243054.63 223598.448 405995.52
1400000 1182252512885 18146.47 90732339.6 196530.48 406323.2
1450000 1182252515237 18238.53 91192674.4 169663.312 406388.736
1500000 1182252517607 18321.28 91606410.01 142448.272 406454.272
1550000 1182252519943 18406.8 92034011.02 112620.184 404815.872
1600000 1182252522362 18469.99 92349960.17 91985.224 404488.192
1650000 1182252524717 18543.08 92715380.64 348765.36 405864.448
1700000 1182252527063 18614.23 93071128.24 308787.072 403832.832
1750000 1182252529459 18671.84 93359224.96 268522.16 404422.656
1800000 1182252531817 18734 93669990.22 224593.328 404160.512
1850000 1182252534186 18791.07 93955368.66 197571.28 404619.264
1900000 1182252536648 18828.1 94140497.26 168218.128 403832.832
1950000 1182252539021 18879.62 94398079.12 112881.592 404029.44
2000000 1182252541403 18927.21 94636029.83 100451.088 405995.52
2050000 1182252543834 18964.1 94820488.63 328842.952 403832.832
2100000 1182252546208 19009.17 95045848.31 321094.208 405012.48
2150000 1182252548714 19030.09 95150426.19 260920.928 403963.904
2200000 1182252551066 19075.53 95377652.15 227367.272 404291.584
2250000 1182252553414 19119.81 95599044.86 184755.832 405143.552
2300000 1182252555799 19156.45 95782249.47 142735.208 404619.264
2350000 1182252558137 19199.03 95995163.48 103764.096 405012.48
2400000 1182252560471 19240.64 96203181.12 72305.32 405209.088
2450000 1182252562842 19275.1 96375494.66 333093.808 404553.728
2500000 1182252565232 19305.47 96527332.68 289512.104 405209.088
2550000 1182252567577 19341.33 96706664.04 254924.12 405078.016
2600000 1182252569925 19375.51 96877561.67 227667.576 406323.2
2650000 1182252572251 19411.64 97058220.28 205473.176 406519.808
2700000 1182252574609 19442.08 97210420.96 173598.688 406126.592
2750000 1182252577048 19460.35 97301734.45 123639.288 404881.408
2800000 1182252579385 19491.82 97459101.98 86665.8 403308.544
2850000 1182252581805 19511.19 97555966.32 335537.216 403898.368
2900000 1182252584139 19541.25 97706261.29 284003.464 399900.672
2950000 1182252586493 19567.78 97838920.65 244304.328 404815.872
3000000 1182252588879 19589.41 97947030.25 219460.552 405209.088
3050000 1182252591229 19614.9 98074523.78 195583.088 405143.552
3100000 1182252593594 19637.78 98188890.09 166080.56 405798.912
3150000 1182252595989 19656.3 98281478.15 160422.912 406913.024
3200000 1182252598456 19665.56 98327812.64 173649.032 406519.808
3250000 1182252600807 19688.38 98441892.02 156578.632 407371.776
3300000 1182252603221 19703.14 98515696.83 150481.288 407109.632
3350000 1182252605578 19724.1 98620490.69 125121.736 406126.592
3400000 1182252607938 19744.14 98720695.92 109095.344 405798.912
3450000 1182252610323 19760.81 98804041.51 78906.616 405798.912
3500000 1182252612665 19781.83 98909173.12 333898.144 407175.168
3550000 1182252615058 19796.68 98983398.67 301390.648 404881.408
3600000 1182252617444 19811.9 99059485.22 271075.936 406388.736
3650000 1182252619814 19828.44 99142216.11 247871.44 406585.344
3700000 1182252622275 19834.89 99174439.8 253130.136 406388.736
3750000 1182252624653 19849.88 99249409.8 209330.984 397082.624
3800000 1182252626987 19869.07 99345366.32 191020.56 406913.024
3850000 1182252629484 19871.07 99355351.51 156281.424 404881.408
3900000 1182252631838 19887.51 99437540.48 117801.144 404357.12
3950000 1182252634279 19894.83 99474171.97 103178.024 404684.8
4000000 1182252636644 19909.51 99547556.36 69310.552 406519.808
4050000 1182252639047 19920.12 99600613.83 306536.712 405209.088
4100000 1182252641420 19933.39 99666966.48 287732.816 405798.912
4150000 1182252643770 19948.57 99742831.74 259851.736 406781.952
4200000 1182252646120 19963.4 99817002.16 235525.92 407175.168
4250000 1182252648455 19979.32 99896577.66 206253.912 405274.624
4300000 1182252650948 19980.21 99901028.28 177876.688 406061.056
4350000 1182252653318 19992.37 99961853.64 141425.192 406388.736
4400000 1182252655639 20008.73 100043655.41 116854.48 406781.952
4450000 1182252658025 20018.89 100094471.19 116771.832 407437.312
4500000 1182252660401 20029.73 100148665.13 101368.136 407502.848
4550000 1182252662736 20043.96 100219822.82 80547.208 408158.208
4600000 1182252665156 20050.47 100252374.46 61952.904 408289.28
4650000 1182252667506 20062.91 100314534.61 49994.8 408420.352
4700000 1182252669872 20073.72 100368587.62 326605.872 407896.064
4750000 1182252672283 20080.49 100402455.32 290684.76 406192.128
4800000 1182252674684 20087.97 100439842.81 271241.776 405078.016
4850000 1182252677107 20093.47 100467328.44 233236.464 405405.696
4900000 1182252679439 20106.36 100531792.67 206369.088 406847.488
4950000 1182252681786 20117.78 100588902.3 181016.248 407175.168
5000000 1182252684132 20129.07 100645337.91 151547.56 405864.448
5050000 1182252686497 20138.62 100693087.47 124577.528 406454.272
5100000 1182252688829 20150.62 100753079.88 96285.408 405405.696
5150000 1182252691170 20161.68 100808424.84 70649.456 405798.912
5200000 1182252693622 20163.87 100819351.11 43316.416 403046.4
5250000 1182252696049 20167.95 100839755.07 279661.28 404422.656
5300000 1182252698404 20177.49 100887428.66 222416.608 400424.96
5350000 1182252700820 20182.21 100911028.54 182273.84 403636.224
5400000 1182252703188 20190.46 100952316.86 151331.736 404029.44
5450000 1182252705556 20198.58 100992880.47 118893.032 404226.048
5500000 1182252707891 20209 101044988.9 73177.504 404815.872
5550000 1182252710269 20216.08 101080376.2 43967.256 405536.768
5600000 1182252712612 20225.59 101127937.68 298492.152 406126.592
5650000 1182252714947 20235.52 101177599.82 273764.76 406388.736
5700000 1182252717331 20241.76 101208823.99 238584.192 405798.912
5750000 1182252719734 20246.55 101232750.82 209822.92 406126.592
5800000 1182252722058 20256.84 101284213.98 184647.88 406650.88
5850000 1182252724452 20262.06 101310279.62 145785.168 406847.488
5900000 1182252726823 20268.78 101343923.49 127044.152 407109.632
5950000 1182252729168 20277.2 101386006.35 95482.328 407240.704
6000000 1182252733232 20168.27 100841353.02 98010.64 397148.16

-- results:

10.68.12.33:7800:
num_msgs_expected=6000000, num_msgs_received=6000000 (loss rate=0.0%), received=30GB, time=297522ms, msgs/sec=20166.58, throughput=100.83MB

10.68.28.33:7800 (myself):
num_msgs_expected=6000000, num_msgs_received=6000000 (loss rate=0.0%), received=30GB, time=297497ms, msgs/sec=20168.27, throughput=100.84MB

10.68.24.33:7800:
num_msgs_expected=6000000, num_msgs_received=6000000 (loss rate=0.0%), received=30GB, time=297533ms, msgs/sec=20165.83, throughput=100.83MB

10.68.16.33:7800:
num_msgs_expected=6000000, num_msgs_received=6000000 (loss rate=0.0%), received=30GB, time=297511ms, msgs/sec=20167.32, throughput=100.84MB

10.68.4.33:7800:
num_msgs_expected=6000000, num_msgs_received=6000000 (loss rate=0.0%), received=30GB, time=297546ms, msgs/sec=20164.95, throughput=100.82MB

10.68.0.33:7800:
num_msgs_expected=6000000, num_msgs_received=6000000 (loss rate=0.0%), received=30GB, time=297515ms, msgs/sec=20167.05, throughput=100.84MB

combined: 20166.67 msgs/sec averaged over all receivers (throughput=100.83MB/sec)

