

----------------------- TEST -----------------------
Date: Tue Jun 19 06:47:16 EDT 2007
Run by: bela

log_interval:	50000
msg_size:	5000
config:	/home/bela/config.txt
transport:	org.jgroups.tests.perf.transports.JGroupsTransport
num_senders:	6
sender:	true
props:	./udp.xml
dump_transport_stats:	false
num_msgs:	1000000
processing_delay:	0
num_members:	6
jmx:	false
JGroups version: 2.5.0 CR1


##### msgs_received, current time (in ms), msgs/sec, throughput/sec [KB], free_mem [KB] , total_mem [KB] 
50000 1182250063557 1900.85 9504257.91 332045.704 408813.568
100000 1182250072461 2840.26 14201317.88 169071.472 405274.624
150000 1182250084277 3189.86 15949302.48 189121.616 405602.304
200000 1182250092967 3589.76 17948809.99 224085.888 398589.952
250000 1182250101425 3895.78 19478900.46 267834.208 401604.608
300000 1182250110425 4099.93 20499644.67 153314.464 400293.888
350000 1182250120619 4198.35 20991771.23 228843.072 401997.824
400000 1182250131543 4242.23 21211157.07 226050.32 402522.112
450000 1182250140379 4363.59 21817970.25 204008.848 386924.544
500000 1182250149909 4438.29 22191450.08 227946.256 401539.072
550000 1182250158996 4517.71 22588567.72 175319.16 400490.496
600000 1182250166564 4639.98 23199882.45 185868.6 400687.104
650000 1182250176046 4683.23 23416166.52 217453.744 400883.712
700000 1182250186278 4697.2 23485992.28 264470.288 402391.04
750000 1182250195065 4752.49 23762451.52 113931.392 402391.04
800000 1182250205286 4760.97 23804847.86 202259.728 402718.72
850000 1182250215722 4762.73 23813659.52 223898.176 400949.248
900000 1182250225089 4791.41 23957068.93 116005.816 402980.864
950000 1182250233968 4829.32 24146608.04 142188.496 402063.36
1000000 1182250243261 4854.18 24270902.1 284721.848 399179.776
1050000 1182250252486 4878.43 24392170.35 323973.016 402587.648
1100000 1182250261248 4910.82 24554119.51 131011.696 401145.856
1150000 1182250272456 4889.39 24446967.09 107902.176 400490.496
1200000 1182250281696 4909.12 24545599.59 229161.736 399441.92
1250000 1182250290478 4936.32 24681607.27 189790.696 399572.992
1300000 1182250298797 4970.48 24852414.89 169862.44 394526.72
1350000 1182250308883 4970 24849979.75 229653.072 397213.696
1400000 1182250318201 4983.13 24915642.75 190218.816 396165.12
1450000 1182250324632 5045.6 25228009.01 54626.216 397410.304
1500000 1182250332876 5074.03 25370150.5 350029.312 398065.664
1550000 1182250343875 5055.08 25275420.55 307015.432 398393.344
1600000 1182250351567 5090.45 25452254.75 258700.456 398524.416
1650000 1182250362388 5074.82 25374075.38 131754.56 396165.12
1700000 1182250370115 5107.22 25536108.06 210310.192 398458.88
1750000 1182250379705 5110.21 25551026.13 329350.392 400228.352
1800000 1182250388818 5119.96 25599817.96 143985.488 402718.72
1850000 1182250396608 5148.11 25740562.95 142044.992 403439.616
1900000 1182250404269 5176.89 25884430.11 57087.984 402259.968
1950000 1182250412663 5194.32 25971604.38 247169.608 402391.04
2000000 1182250422326 5193.82 25969101.96 63487.592 402128.896
2050000 1182250431526 5199.44 25997215.13 292285.648 398655.488
2100000 1182250440333 5209.88 26049419.47 55483.512 401014.784
2150000 1182250449049 5221.03 26105158.87 117743.432 402128.896
2200000 1182250457038 5240.78 26203890.09 263184.8 397410.304
2250000 1182250464306 5268.67 26343334.43 161847.984 399310.848
2300000 1182250472729 5281.58 26407884.71 112037.952 399114.24
2350000 1182250481136 5294.19 26470939.41 122355.984 399114.24
2400000 1182250488864 5314.31 26571540.55 316770.528 398000.128
2450000 1182250497952 5318.01 26590029.5 131724.384 397803.52
2500000 1182250506360 5329.27 26646372.79 127196.84 399900.672
2550000 1182250514804 5339.74 26698719.09 320464.952 401145.856
2600000 1182250525146 5329.04 26645186.55 254268.048 399507.456
2650000 1182250531987 5356.41 26782068.75 52652.184 399638.528
2700000 1182250539805 5372.58 26862891.8 157388.728 394067.968
2750000 1182250547606 5388.43 26942136.13 229472.736 392822.784
2800000 1182250553488 5423.89 27119432.04 36087.04 400293.888
2850000 1182250563009 5420.77 27103827.63 95194.968 398000.128
2900000 1182250570825 5435.07 27175339.04 360056.672 399966.208
2950000 1182250577430 5461.17 27305864.56 217839.936 398524.416
3000000 1182250587037 5456.69 27283442.22 245263.296 399310.848
3050000 1182250595148 5466.98 27334892.77 102214.168 400818.176
3100000 1182250604252 5467.38 27336908.88 264726.552 401539.072
3150000 1182250613406 5467.3 27336488.75 344583.12 403177.472
3200000 1182250621890 5473.48 27367409.18 91950.272 401735.68
3250000 1182250632026 5464.27 27321347.81 331143.328 392691.712
3300000 1182250641270 5463.42 27317111.94 98216.928 403701.76
3350000 1182250649654 5470.27 27351359.65 94553.056 401211.392
3400000 1182250660859 5452.16 27260802.49 105268.688 402915.328
3450000 1182250670365 5449.27 27246363.99 268156.624 402522.112
3500000 1182250678781 5455.72 27278622.29 170420.152 401670.144
3550000 1182250687783 5457.09 27285444.18 256537.384 402128.896
3600000 1182250695356 5470.27 27351341.66 57774.416 401211.392
3650000 1182250703321 5479.92 27399604.85 195814.968 400097.28
3700000 1182250712929 5476 27379986.86 231454.296 400293.888
3750000 1182250720977 5484.67 27423346.26 248564.416 400556.032
3800000 1182250728888 5494.23 27471137.23 106849.248 401276.928
3850000 1182250735755 5511.8 27558976.21 50520.024 400818.176
3900000 1182250742030 5533.67 27668326.29 64583.616 401801.216
3950000 1182250752828 5520.04 27600181.67 236832.352 401276.928
4000000 1182250761135 5525.76 27628812.43 93439.184 396230.656
4050000 1182250769528 5530.71 27653545.46 187392.128 399835.136
4100000 1182250777981 5535.1 27675476.02 181416.936 402128.896
4150000 1182250786630 5537.93 27689667.55 52584.488 401932.288
4200000 1182250797105 5527.39 27636960.88 45284.288 399179.776
4250000 1182250804275 5540.91 27704550.85 43840.04 402128.896
4300000 1182250812729 5544.98 27724907.02 199881.184 403046.4
4350000 1182250822524 5539.49 27697444.58 103834.48 402587.648
4400000 1182250830064 5549.87 27749362.71 227113.144 402128.896
4450000 1182250840037 5543.21 27716048.15 103824.864 400818.176
4500000 1182250849247 5541.91 27709564.36 216820.832 402259.968
4550000 1182250855851 5558.28 27791418.99 89471.048 401080.32
4600000 1182250864131 5563.09 27815469.75 220086.64 396099.584
4650000 1182250872133 5569.66 27848313.53 101562.736 396099.584
4700000 1182250881913 5564.37 27821845.48 330200.944 396427.264
4750000 1182250891024 5563.55 27817763.78 256747.64 397869.056
4800000 1182250900867 5558.04 27790193.3 174575.632 391643.136
4850000 1182250909805 5558.41 27792039.9 116497.48 396034.048
4900000 1182250915954 5576.41 27882066.82 321365.176 398393.344
4950000 1182250926925 5563.85 27819241.25 184900.648 400818.176
5000000 1182250936421 5560.7 27803480.55 61308.368 402718.72
5050000 1182250944996 5563.25 27816243.14 274907.272 401866.752
5100000 1182250954426 5560.56 27802824.55 223453.856 387448.832
5150000 1182250962225 5567.74 27838680.52 202128.328 399376.384
5200000 1182250970174 5573.89 27869455.18 138456.312 399966.208
5250000 1182250978399 5578.31 27891527.99 58249.08 401211.392
5300000 1182250988411 5572.16 27860776.02 45675.904 401801.216
5350000 1182250997327 5572.49 27862435.6 29883.912 401801.216
5400000 1182251007397 5566.18 27830919.95 49661.184 400424.96
5450000 1182251016715 5564.28 27821395.83 34030.12 398983.168
5500000 1182251026794 5558.13 27790662.54 47259.16 399114.24
5550000 1182251035471 5559.91 27799538.78 214901.088 399310.848
5600000 1182251043954 5562.72 27813620.93 117041.44 398196.736
5650000 1182251054142 5556.16 27780809.9 170445.136 400228.352
5700000 1182251061952 5562.61 27813045.59 87581.568 400818.176
5750000 1182251073024 5551.42 27757100.75 230860.376 399572.992
5800000 1182251079156 5566.74 27833685.09 139833.752 397934.592
5850000 1182251087050 5572.51 27862529.61 134433.624 400162.816
5900000 1182251096426 5570.38 27851918.43 333750.664 400556.032
5950000 1182251107853 5557.63 27788156.17 257110.192 400949.248
6000000 1182251116337 5560.27 27801357.45 213323.352 401342.464

-- results:

10.68.0.33:52472:
num_msgs_expected=6000000, num_msgs_received=6000000 (loss rate=0.0%), received=30GB, time=1079109ms, msgs/sec=5560.14, throughput=27.8MB

10.68.28.33:51187 (myself):
num_msgs_expected=6000000, num_msgs_received=6000000 (loss rate=0.0%), received=30GB, time=1079084ms, msgs/sec=5560.27, throughput=27.8MB

10.68.16.33:35039:
num_msgs_expected=6000000, num_msgs_received=6000000 (loss rate=0.0%), received=30GB, time=1079130ms, msgs/sec=5560.03, throughput=27.8MB

10.68.4.33:37826:
num_msgs_expected=6000000, num_msgs_received=6000000 (loss rate=0.0%), received=30GB, time=1079133ms, msgs/sec=5560.02, throughput=27.8MB

10.68.24.33:33782:
num_msgs_expected=6000000, num_msgs_received=6000000 (loss rate=0.0%), received=30GB, time=1079130ms, msgs/sec=5560.03, throughput=27.8MB

10.68.12.33:35908:
num_msgs_expected=6000000, num_msgs_received=6000000 (loss rate=0.0%), received=30GB, time=1079132ms, msgs/sec=5560.02, throughput=27.8MB

combined: 5560.09 msgs/sec averaged over all receivers (throughput=27.8MB/sec)

