

----------------------- TEST -----------------------
Date: Tue Jun 19 07:06:29 EDT 2007
Run by: bela

log_interval:	50000
msg_size:	5000
config:	/home/bela/config.txt
transport:	org.jgroups.tests.perf.transports.JGroupsTransport
num_senders:	6
sender:	true
props:	./sfc.xml
dump_transport_stats:	false
num_msgs:	1000000
processing_delay:	0
num_members:	6
jmx:	false
JGroups version: 2.5.0 CR1


##### msgs_received, current time (in ms), msgs/sec, throughput/sec [KB], free_mem [KB] , total_mem [KB] 
50000 1182251215707 1995.77 9978844.85 215568.816 406847.488
100000 1182251222764 3114.29 15571473.06 115005.96 407306.24
150000 1182251231990 3628.8 18143990.71 318342.864 402325.504
200000 1182251239361 4106.19 20530929.85 344833.92 404815.872
250000 1182251248243 4341.11 21705534.04 101703.648 397148.16
300000 1182251255702 4611.98 23059894.23 163696.4 395509.76
350000 1182251265770 4659.46 23297300.18 174889.232 399048.704
400000 1182251272885 4864.35 24321727.82 38314.88 394788.864
450000 1182251281578 4949.19 24745941.67 78642.696 385220.608
500000 1182251292235 4922.18 24610901.64 306460.392 393150.464
550000 1182251299264 5063.99 25319952.12 59093.688 393150.464
600000 1182251306504 5179.11 25895554.6 81225.064 391512.064
650000 1182251316155 5179.24 25896208 309113.64 390856.704
700000 1182251325434 5193.65 25968244.55 302253.4 393216.0
750000 1182251333459 5251.92 26259584.75 90231.752 396230.656
800000 1182251341770 5293.95 26469731.86 111394.592 392495.104
850000 1182251350028 5333.37 26666833.99 216105.624 395116.544
900000 1182251357078 5407.87 27039369.32 253745.968 396754.944
950000 1182251363576 5493.81 27469032.28 137452.84 396230.656
1000000 1182251372546 5497.77 27488839.53 175873.224 394788.864
1050000 1182251380693 5525.18 27625908.37 341582.568 393412.608
1100000 1182251386731 5610.04 28050204.77 229699.2 387186.688
1150000 1182251395589 5611.54 28057676.82 119737.304 393871.36
1200000 1182251402449 5665.86 28329280.67 114801.344 394657.792
1250000 1182251410899 5675.5 28377488.71 227253.88 387973.12
1300000 1182251419245 5687.01 28435065.25 172898.648 391708.672
1350000 1182251428419 5677.88 28389376.06 212182.056 391184.384
1400000 1182251434794 5734.41 28672073.4 106165.808 391512.064
1450000 1182251442401 5759.75 28798754.3 288833.168 392757.248
1500000 1182251449389 5797.44 28987187.66 131261.08 393216.0
1550000 1182251456635 5827.48 29137419.59 229146.592 392429.568
1600000 1182251463533 5863.4 29317023.3 184161.744 393740.288
1650000 1182251473566 5832.2 29161011.2 229816.808 389152.768
1700000 1182251481494 5845.14 29225691.1 135426.728 377356.288
1750000 1182251488633 5872.9 29364485.42 149272.688 387514.368
1800000 1182251496208 5890.94 29454695.41 209819.456 392757.248
1850000 1182251502596 5930.59 29652948.3 77536.608 394592.256
1900000 1182251509912 5951.3 29756497.88 265110.752 395444.224
1950000 1182251518685 5944.56 29722800.59 121488.024 395902.976
2000000 1182251527671 5934.42 29672093.69 263870.088 394461.184
2050000 1182251534135 5968.31 29841534.18 93865.072 394657.792
2100000 1182251542671 5965.62 29828104.89 300571.68 396820.48
2150000 1182251552635 5939.54 29697691.32 264795.696 395116.544
2200000 1182251560068 5955.38 29776889.89 256120.36 389021.696
2250000 1182251567680 5967.76 29838790.96 146643.84 383582.208
2300000 1182251577733 5941.94 29709697.5 254620.44 384368.64
2350000 1182251585943 5945.02 29725087.21 70989.184 386203.648
2400000 1182251593838 5952.62 29763085.84 103065.36 386924.544
2450000 1182251601150 5968.39 29841947.3 42295.576 387645.44
2500000 1182251610543 5953.95 29769772.49 228224.872 390135.808
2550000 1182251617761 5970.4 29852004.3 113026.568 391643.136
2600000 1182251625221 5982.97 29914834.77 209643.28 392101.888
2650000 1182251633961 5977.8 29888993.41 85298.344 390004.736
2700000 1182251641029 5995 29975020.82 131738.84 392232.96
2750000 1182251649767 5989.81 29949053.94 182593.184 388825.088
2800000 1182251657466 5998.13 29990660.05 31274.36 391970.816
2850000 1182251666083 5994.59 29972929.71 80927.056 395509.76
2900000 1182251674688 5991.31 29956573.3 309529.224 391839.744
2950000 1182251683086 5990.67 29953374.27 94114.656 391446.528
3000000 1182251691244 5992.93 29964641.72 85701.776 392560.64
3050000 1182251698667 6003.78 30018916.84 289273.784 390397.952
3100000 1182251706614 6008.22 30041088.46 281506.384 390397.952
3150000 1182251713510 6024.6 30123016.66 105397.608 392953.856
3200000 1182251722473 6017.08 30085423.8 178205.552 392429.568
3250000 1182251730581 6019.33 30096661.22 271308.48 374145.024
3300000 1182251737368 6036.06 30180313.66 227392.624 396558.336
3350000 1182251744876 6044.51 30222546.2 235472.04 384892.928
3400000 1182251750908 6068.68 30343379.97 133764.016 392495.104
3450000 1182251759957 6060.04 30300209.2 274571.968 386138.112
3500000 1182251767115 6071.53 30357647.79 208684.48 390660.096
3550000 1182251775123 6073.89 30369446.45 61663.248 392167.424
3600000 1182251782264 6085.09 30425449.2 260195.528 396034.048
3650000 1182251789083 6099.3 30496516.71 351668.4 394592.256
3700000 1182251797191 6100.2 30501024.67 255169.824 378273.792
3750000 1182251804672 6107.31 30536564.07 277995.384 386793.472
3800000 1182251811744 6118.28 30591379.67 302017.08 391446.528
3850000 1182251819675 6120.62 30603111.82 76743.232 395771.904
3900000 1182251826883 6129.87 30649341.67 163509.848 386334.72
3950000 1182251834286 6137.05 30685236.28 280135.464 388300.8
4000000 1182251841176 6148.91 30744540.54 84519.68 387973.12
4050000 1182251850236 6140.25 30701262.31 59509.304 373424.128
4100000 1182251858828 6136.13 30680631.09 188264.288 385417.216
4150000 1182251868638 6121.09 30605442.02 291353.088 388694.016
4200000 1182251875067 6136.65 30683227.82 133325.432 392101.888
4250000 1182251883957 6130.08 30650379.42 264654.72 389414.912
4300000 1182251891195 6138.11 30690566.29 105768.632 385941.504
4350000 1182251898577 6144.74 30723680.4 211587.384 391577.6
4400000 1182251905837 6152.27 30761357.58 288571.64 392626.176
4450000 1182251911790 6170.82 30854096.87 98894.56 395378.688
4500000 1182251920851 6162.72 30813602.36 237876.92 396951.552
4550000 1182251928868 6163.52 30817621.99 137274.256 397017.088
4600000 1182251936388 6168.42 30842096.51 284475.72 396361.728
4650000 1182251944520 6168.2 30841024.8 133120.816 388890.624
4700000 1182251952245 6171.29 30856457.07 73343.344 399638.528
4750000 1182251959650 6176.89 30884425.93 297564.88 399376.384
4800000 1182251967212 6181.12 30905611.69 233094.608 390266.88
4850000 1182251977402 6164.62 30823084.39 164114.608 391118.848
4900000 1182251986584 6156.32 30781601.4 285912.752 392364.032
4950000 1182251995050 6153.69 30768427.49 250688.72 389677.056
5000000 1182252003770 6149.18 30745920.63 259797.008 389152.768
5050000 1182252011047 6155.59 30777932.04 203538.312 391053.312
5100000 1182252019298 6154.63 30773166.76 222843.024 393609.216
5150000 1182252027074 6157.19 30785968.77 343481.64 390791.168
5200000 1182252035216 6157.04 30785188.06 193961.704 390397.952
5250000 1182252043401 6156.57 30782869.95 306003.664 391774.208
5300000 1182252052277 6151.18 30755910.65 96526.368 394723.328
5350000 1182252060891 6147.75 30738752.78 165872.8 394526.72
5400000 1182252068820 6149.18 30745895.42 283740.872 399769.6
5450000 1182252075113 6161.96 30809794.46 132137.232 400097.28
5500000 1182252083306 6161.42 30807078.23 173946.104 398917.632
5550000 1182252089716 6173.1 30865502.05 97351.576 400031.744
5600000 1182252096343 6183.14 30915689.6 91883.096 396886.016
5650000 1182252105405 6176.54 30882721.09 67656.032 397475.84
5700000 1182252115029 6166.33 30831643 38634.704 397737.984
5750000 1182252123344 6164.96 30824818.54 206233.936 400687.104
5800000 1182252132821 6156.02 30780105.86 327553.768 396099.584
5850000 1182252140336 6159.96 30799783.51 222194.44 397017.088
5900000 1182252150343 6147.82 30739124.86 219128.168 400949.248
5950000 1182252161313 6129.86 30649280.54 103839.68 403701.76
6000000 1182252167859 6139.96 30699801.99 366985.44 404553.728

-- results:

10.68.0.33:52473:
num_msgs_expected=6000000, num_msgs_received=6000000 (loss rate=0.0%), received=30GB, time=977235ms, msgs/sec=6139.77, throughput=30.7MB

10.68.24.33:33783:
num_msgs_expected=6000000, num_msgs_received=6000000 (loss rate=0.0%), received=30GB, time=977217ms, msgs/sec=6139.88, throughput=30.7MB

10.68.16.33:35040:
num_msgs_expected=6000000, num_msgs_received=6000000 (loss rate=0.0%), received=30GB, time=977233ms, msgs/sec=6139.78, throughput=30.7MB

10.68.4.33:37827:
num_msgs_expected=6000000, num_msgs_received=6000000 (loss rate=0.0%), received=30GB, time=977233ms, msgs/sec=6139.78, throughput=30.7MB

10.68.28.33:51188 (myself):
num_msgs_expected=6000000, num_msgs_received=6000000 (loss rate=0.0%), received=30GB, time=977205ms, msgs/sec=6139.96, throughput=30.7MB

10.68.12.33:35909:
num_msgs_expected=6000000, num_msgs_received=6000000 (loss rate=0.0%), received=30GB, time=977234ms, msgs/sec=6139.78, throughput=30.7MB

combined: 6139.83 msgs/sec averaged over all receivers (throughput=30.7MB/sec)

