

----------------------- TEST -----------------------
Date: Fri Aug 15 04:37:37 EDT 2008
Run by: bela

log_interval:	100000
msg_size:	1000
config:	/home/bela/config.txt
transport:	org.jgroups.tests.perf.transports.JGroupsTransport
num_senders:	8
sender:	true
props:	./udp-2.6.xml
dump_transport_stats:	false
num_msgs:	1000000
processing_delay:	0
num_members:	8
jmx:	false
JGroups version: 2.6.4.CR1


##### msgs_received, current time (in ms), msgs/sec, throughput/sec [KB], free_mem [KB] , total_mem [KB] 
100000 1218789482245 10565.24 10565240.36 377796.88 397869.056
200000 1218789484577 16953.46 16953462.74 358329.424 397869.056
300000 1218789486312 22169.67 22169671.89 212155.136 415760.384
400000 1218789488020 26246.72 26246719.16 304488.408 415629.312
500000 1218789489703 29545.59 29545588.84 398309.92 415498.24
600000 1218789491396 32230.34 32230339.49 266481.296 415563.776
700000 1218789493045 34542.31 34542314.34 361793.392 415563.776
800000 1218789494848 36251.59 36251586.01 211703.36 415432.704
900000 1218789496500 37942.66 37942664.42 303328.856 415236.096
1000000 1218789498458 38943.84 38943842.98 365264.808 415563.776
1100000 1218789500149 40191.46 40191457.49 218218.024 415432.704
1200000 1218789501873 41247.04 41247035.37 369952.96 407240.704
1300000 1218789503786 41927.37 41927368.9 192156.504 394264.576
1400000 1218789506078 42044.57 42044567.24 283925.56 397869.056
1500000 1218789508218 42327.45 42327445.12 193301.24 397869.056
1600000 1218789510116 42854.08 42854081.85 238582.872 397869.056
1700000 1218789511791 43577.45 43577452.51 174393.52 397869.056
1800000 1218789513546 44154.44 44154442.43 321339.208 397869.056
1900000 1218789515188 44802.87 44802867.38 237720.296 397869.056
2000000 1218789517189 45035.92 45035916.14 217689.416 397869.056
2100000 1218789518990 45444.71 45444708.94 149550.936 397869.056
2200000 1218789520872 45745.65 45745654.16 190756.112 397869.056
2300000 1218789522501 46258.12 46258120.31 310691.528 397869.056
2400000 1218789524331 46555.84 46555837.91 210963.928 397869.056
2500000 1218789526075 46908.72 46908715.64 151118.704 397869.056
2600000 1218789527774 47277.88 47277884.86 291128.184 397869.056
2700000 1218789529437 47655.19 47655188.24 253616.864 399638.528
2800000 1218789531082 48025.8 48025796.71 175948.048 400097.28
2900000 1218789533318 47903.8 47903795.96 314878.624 397869.056
3000000 1218789535209 48054.59 48054590.01 167178.624 397869.056
3100000 1218789537115 48185.28 48185280.17 205810.736 397869.056
3200000 1218789539048 48288.77 48288766.83 235627.672 397869.056
3300000 1218789540936 48418.33 48418334.41 269453.224 398262.272
3400000 1218789542856 48518.75 48518751.07 301974.24 400031.744
3500000 1218789544752 48630.02 48630022.79 154349.8 399179.776
3600000 1218789546606 48763.31 48763308.32 205379.28 401080.32
3700000 1218789548541 48837.79 48837792.53 265918.88 402784.256
3800000 1218789550458 48919.9 48919900.1 326332.424 404226.048
3900000 1218789552371 49000.52 49000515.13 190714.392 406126.592
4000000 1218789554303 49065.91 49065907.78 260003.984 407437.312
4100000 1218789556236 49127.68 49127684.05 332680.72 407437.312
4200000 1218789558118 49216.06 49216058.5 197070.944 406978.56
4300000 1218789560071 49260.52 49260519.41 276502.744 407764.992
4400000 1218789561937 49351.14 49351144.61 146311.504 409075.712
4500000 1218789563842 49416.88 49416880.81 222955.936 409731.072
4600000 1218789565812 49445.35 49445352.14 298691.344 409927.68
4700000 1218789567742 49493.48 49493481.6 166681.64 409993.216
4800000 1218789569618 49567.32 49567318.61 256059.44 410255.36
4900000 1218789571575 49597.65 49597651.7 128153.416 410583.04
5000000 1218789573445 49669.7 49669696.52 211429.248 411107.328
5100000 1218789575377 49709.06 49709055.82 299517.304 411762.688
5200000 1218789577276 49762.67 49762670.34 176659.784 411500.544
5300000 1218789579133 49834.04 49834043.23 270501.296 411697.152
5400000 1218789581027 49885.91 49885909.08 148682.872 412024.832
5500000 1218789582971 49913.33 49913332.3 235446.816 412418.048
5600000 1218789584917 49938.91 49938914.01 325785.2 412745.728
5700000 1218789586814 49985.09 49985092.17 202301.216 412614.656
5800000 1218789588751 50012.5 50012503.13 291307.0 412876.8
5900000 1218789590616 50069.59 50069588.24 168563.736 412614.656
6000000 1218789592600 50075.11 50075112.67 260967.336 413138.944
6100000 1218789594511 50110.49 50110489.52 141921.376 413007.872
6200000 1218789596483 50120.05 50120045.59 228976.616 413138.944
6300000 1218789598395 50153.25 50153246.03 327111.712 412876.8
6400000 1218789600269 50200.41 50200409.45 203969.68 413138.944
6500000 1218789602237 50209.72 50209722.15 297392.728 413401.088
6600000 1218789604127 50248.58 50248578.19 175129.856 413270.016
6700000 1218789606089 50259.17 50259172.3 271159.576 413466.624
6800000 1218789608028 50278.01 50278007.81 148567.264 413663.232
6900000 1218789609929 50310.25 50310246.52 248669.768 413794.304
7000000 1218789611870 50327.13 50327126.32 130276.848 413335.552
7100000 1218789613782 50353.9 50353895.69 234176.832 413401.088
7200000 1218789615736 50365.15 50365147.32 324644.792 413597.696
7300000 1218789617639 50393.83 50393831.24 211099.184 413728.768
7400000 1218789619551 50418.68 50418679.44 314655.232 413859.84
7500000 1218789621418 50458.16 50458160.09 198748.824 413859.84
7600000 1218789623339 50478.55 50478549.94 304548.16 413925.376
7700000 1218789625166 50529.58 50529576.21 188689.488 413990.912
7800000 1218789627077 50551.86 50551857.78 288305.496 414121.984
7900000 1218789628909 50599.18 50599184.01 175607.032 414056.448
8000000 1218789630872 50603.45 50603446.09 290462.176 414056.448

-- results:

172.17.0.13:51387 (myself):
num_msgs_expected=8000000, num_msgs_received=8000000 (loss rate=0.0%), received=8GB, time=158092ms, msgs/sec=50603.45, throughput=50.6MB

172.17.2.13:47445:
num_msgs_expected=8000000, num_msgs_received=8000000 (loss rate=0.0%), received=8GB, time=158085ms, msgs/sec=50605.69, throughput=50.61MB

172.17.1.13:49929:
num_msgs_expected=8000000, num_msgs_received=8000000 (loss rate=0.0%), received=8GB, time=158087ms, msgs/sec=50605.05, throughput=50.61MB

172.17.3.13:47284:
num_msgs_expected=8000000, num_msgs_received=8000000 (loss rate=0.0%), received=8GB, time=158087ms, msgs/sec=50605.05, throughput=50.61MB

172.17.6.13:39273:
num_msgs_expected=8000000, num_msgs_received=8000000 (loss rate=0.0%), received=8GB, time=158085ms, msgs/sec=50605.69, throughput=50.61MB

172.17.4.13:44305:
num_msgs_expected=8000000, num_msgs_received=8000000 (loss rate=0.0%), received=8GB, time=158086ms, msgs/sec=50605.37, throughput=50.61MB

172.17.7.13:33418:
num_msgs_expected=8000000, num_msgs_received=8000000 (loss rate=0.0%), received=8GB, time=157952ms, msgs/sec=50648.3, throughput=50.65MB

172.17.5.13:41476:
num_msgs_expected=8000000, num_msgs_received=8000000 (loss rate=0.0%), received=8GB, time=158083ms, msgs/sec=50606.33, throughput=50.61MB

combined: 50610.61 msgs/sec averaged over all receivers (throughput=50.61MB/sec)

