

----------------------- TEST -----------------------
Date: Fri Aug 15 05:42:37 EDT 2008
Run by: bela

log_interval:	100000
msg_size:	2500
config:	/home/bela/config.txt
transport:	org.jgroups.tests.perf.transports.JGroupsTransport
num_senders:	8
sender:	true
props:	./tcp-2.6.xml
dump_transport_stats:	false
num_msgs:	1000000
processing_delay:	0
num_members:	8
jmx:	false
JGroups version: 2.6.4.CR1


##### msgs_received, current time (in ms), msgs/sec, throughput/sec [KB], free_mem [KB] , total_mem [KB] 
100000 1218793386420 6230.53 15576323.99 367189.672 415039.488
200000 1218793389695 10349.29 25873221.22 245479.632 411435.008
300000 1218793392978 13269.64 33174097.66 372327.112 414318.592
400000 1218793396221 15473.29 38683223.09 273531.248 414646.272
500000 1218793399516 17155.01 42887531.74 404485.688 414384.128
600000 1218793402688 18565.51 46413763.23 335350.008 414842.88
700000 1218793405980 19657.4 49143499.02 283033.416 415236.096
800000 1218793409313 20542.84 51357111.68 346669.368 414318.592
900000 1218793412584 21319.94 53299853.13 218281.64 414515.2
1000000 1218793415813 22005.59 55013973.55 340415.24 414384.128
1100000 1218793419056 22593.76 56484410.3 238934.816 414777.344
1200000 1218793422282 23116.04 57790106.33 356278.992 415563.776
1300000 1218793425542 23562.68 58906691.8 298974.688 415367.168
1400000 1218793428687 24006.72 60016804.71 220150.072 415956.992
1500000 1218793431914 24372.81 60932016.12 388235.16 416219.136
1600000 1218793435002 24755.54 61888847.63 335326.952 416219.136
1700000 1218793438252 25043.46 62608644.41 256158.496 415694.848
1800000 1218793441458 25320.73 63301823.09 211843.328 416415.744
1900000 1218793444676 25569.94 63924851.29 377916.68 416677.888
2000000 1218793447920 25789.81 64474532.56 314320.608 416153.6
2100000 1218793451132 26002.33 65005819.57 213543.048 415563.776
2200000 1218793454312 26208.57 65521431.46 376697.432 415629.312
2300000 1218793457606 26365.26 65913155.12 220725.864 414449.664
2400000 1218793460772 26548.09 66370213.05 362236.744 415498.24
2500000 1218793463948 26715.68 66789202.59 289035.448 415891.456
2600000 1218793467231 26842.59 67106472.16 171053.528 415760.384
2700000 1218793470435 26982.46 67456153.5 306613.104 415825.92
2800000 1218793473752 27084.02 67710046.24 370982.384 415170.56
2900000 1218793476997 27197.61 67994035.28 244326.568 415760.384
3000000 1218793480347 27278.43 68196077.36 337404.888 414908.416
3100000 1218793483537 27393.14 68482861.61 239898.288 414449.664
3200000 1218793486842 27474.41 68686036.13 360097.848 414908.416
3300000 1218793490027 27578.83 68947073.72 283128.072 415301.632
3400000 1218793493215 27677.15 69192885.34 246199.92 415694.848
3500000 1218793496478 27753.99 69384971.61 171026.712 415825.92
3600000 1218793499728 27829.74 69574359.53 342282.92 415432.704
3700000 1218793502985 27900.31 69750782.34 279090.24 415039.488
3800000 1218793506129 27990.78 69976944.44 220644.528 415236.096
3900000 1218793509358 28059.98 70149941 350206.568 415432.704
4000000 1218793512650 28113.58 70283947.15 268092.368 415760.384
4100000 1218793516008 28151.99 70379983.25 343517.744 415236.096
4200000 1218793519183 28223.34 70558351.76 250156.584 414515.2
4300000 1218793522407 28282.59 70706472.77 160833.984 414711.808
4400000 1218793525550 28354.17 70885423.38 298179.152 415301.632
4500000 1218793528746 28413.4 71033489.92 235186.216 415301.632
4600000 1218793531998 28460.42 71151038.19 184401.296 415760.384
4700000 1218793535275 28501.26 71253145.75 262235.632 414842.88
4800000 1218793538468 28554.77 71386929.05 372776.968 415301.632
4900000 1218793541677 28603.62 71509045.16 299319.728 415039.488
5000000 1218793544959 28638.69 71596721.44 254156.24 415236.096
5100000 1218793548148 28687.46 71718660.35 215900.12 415760.384
5200000 1218793551439 28718.33 71795834.74 184861.288 414973.952
5300000 1218793554709 28751.38 71878441.35 345990.464 414646.272
5400000 1218793557891 28796.77 71991936.9 296802.864 415563.776
5500000 1218793561081 28839.45 72098620.43 239807.056 415956.992
5600000 1218793564266 28881.46 72203655.57 167372.104 416022.528
5700000 1218793567452 28921.97 72304928.91 325832.72 415694.848
5800000 1218793570702 28951.94 72379849.45 253358.968 415891.456
5900000 1218793573939 28982.8 72457004.75 185340.896 416153.6
6000000 1218793577071 29027.44 72568589.41 347017.152 416022.528
6100000 1218793580312 29055.64 72639109.85 250664.392 415891.456
6200000 1218793583639 29071.27 72678167.01 196191.808 415629.312
6300000 1218793586957 29087.62 72719045.93 356153.568 415956.992
6400000 1218793590156 29119.23 72798085.41 314776.72 415825.92
6500000 1218793593382 29146.41 72866034.11 213667.056 415629.312
6600000 1218793596696 29161.48 72903687.6 307219.64 415629.312
6700000 1218793599923 29187.16 72967898.48 206361.632 414449.664
6800000 1218793603134 29214.14 73035349.11 160380.096 415432.704
6900000 1218793606438 29228.87 73072165.65 264848.32 415236.096
7000000 1218793609722 29245.63 73114074.67 204003.584 415694.848
7100000 1218793612909 29273.64 73184106.47 327369.136 415956.992
7200000 1218793616175 29291.51 73228778.91 270217.888 415956.992
7300000 1218793619348 29319.86 73299648.96 196645.808 414121.984
7400000 1218793622502 29349.71 73374264.27 163050.008 416350.208
7500000 1218793625756 29367.31 73418276.65 303891.464 415105.024
7600000 1218793629017 29383.68 73459193.42 219007.184 415563.776
7700000 1218793632348 29391.78 73479452.47 243627.368 415629.312
7800000 1218793635651 29402.78 73506960.54 286883.56 415956.992
7900000 1218793639160 29390.97 73477435.92 329286.304 416022.528
8000000 1218793643895 29247.78 73119458.92 154330.536 416219.136

-- results:

172.17.4.13:7800:
num_msgs_expected=8000000, num_msgs_received=8000000 (loss rate=0.0%), received=20GB, time=273523ms, msgs/sec=29248, throughput=73.12MB

172.17.5.13:7800:
num_msgs_expected=8000000, num_msgs_received=8000000 (loss rate=0.0%), received=20GB, time=273528ms, msgs/sec=29247.46, throughput=73.12MB

172.17.2.13:7800:
num_msgs_expected=8000000, num_msgs_received=8000000 (loss rate=0.0%), received=20GB, time=273528ms, msgs/sec=29247.46, throughput=73.12MB

172.17.3.13:7800:
num_msgs_expected=8000000, num_msgs_received=8000000 (loss rate=0.0%), received=20GB, time=273527ms, msgs/sec=29247.57, throughput=73.12MB

172.17.1.13:7800:
num_msgs_expected=8000000, num_msgs_received=8000000 (loss rate=0.0%), received=20GB, time=273522ms, msgs/sec=29248.1, throughput=73.12MB

172.17.0.13:7800 (myself):
num_msgs_expected=8000000, num_msgs_received=8000000 (loss rate=0.0%), received=20GB, time=273525ms, msgs/sec=29247.78, throughput=73.12MB

172.17.6.13:7800:
num_msgs_expected=8000000, num_msgs_received=8000000 (loss rate=0.0%), received=20GB, time=273520ms, msgs/sec=29248.32, throughput=73.12MB

172.17.7.13:7800:
num_msgs_expected=8000000, num_msgs_received=8000000 (loss rate=0.0%), received=20GB, time=273512ms, msgs/sec=29249.17, throughput=73.12MB

combined: 29247.98 msgs/sec averaged over all receivers (throughput=73.12MB/sec)

