

----------------------- TEST -----------------------
Date: Tue Jun 19 05:03:14 EDT 2007
Run by: bela

log_interval:	50000
msg_size:	1000
config:	/home/bela/config.txt
transport:	org.jgroups.tests.perf.transports.JGroupsTransport
num_senders:	4
sender:	true
props:	./sfc.xml
dump_transport_stats:	false
num_msgs:	1000000
processing_delay:	0
num_members:	4
jmx:	false
JGroups version: 2.5.0 CR1


##### msgs_received, current time (in ms), msgs/sec, throughput/sec [KB], free_mem [KB] , total_mem [KB] 
50000 1182243803038 6971.56 6971556.05 229837.704 380108.8
100000 1182243804926 11037.53 11037527.59 202593.472 380108.8
150000 1182243806825 13687.38 13687380.24 147395.656 380108.8
200000 1182243808427 15922.3 15922299.18 318842.016 380108.8
250000 1182243810455 17136.2 17136198.51 264661.864 384892.928
300000 1182243811944 18659.04 18659037.19 252407.128 368902.144
350000 1182243813559 19781.83 19781834.62 240356.72 381681.664
400000 1182243815182 20708.22 20708221.16 222247.672 352321.536
450000 1182243816578 21726.54 21726535.34 302593.12 374996.992
500000 1182243818877 21728.74 21728738.43 230044.424 377159.68
550000 1182243820168 22631.88 22631882.15 186264.784 378667.008
600000 1182243822047 22917.38 22917382.83 193398.376 342360.064
650000 1182243823748 23312.53 23312531.38 187803.256 378404.864
700000 1182243825319 23766.68 23766679.12 207389.952 377421.824
750000 1182243826932 24142.15 24142148.97 166241.104 378404.864
800000 1182243828176 24760.14 24760136.18 230566.784 378404.864
850000 1182243829452 25308.16 25308164.12 252566.68 380633.088
900000 1182243831049 25580.54 25580536.05 239097.392 380370.944
950000 1182243832633 25838.39 25838387.68 236327.296 382468.096
1000000 1182243836827 24413.47 24413466.47 230719.096 381353.984
1050000 1182243845347 21220.27 21220266.36 241905.352 383647.744
1100000 1182243848153 21037.73 21037734.04 169077.632 382730.24
1150000 1182243849427 21470.85 21470846.32 175338.944 382795.776
1200000 1182243853203 20928.89 20928894.08 165859.752 383909.888
1250000 1182243854606 21280.22 21280217.91 159986.888 383778.816
1300000 1182243856337 21497.91 21497908.09 224113.36 383844.352
1350000 1182243857842 21782.63 21782625.53 247243.552 385351.68
1400000 1182243859606 21964.23 21964229.68 159617.04 377618.432
1450000 1182243861633 22047.53 22047531.44 83453.104 384565.248
1500000 1182243863472 22187.38 22187379.82 267759.152 383188.992
1550000 1182243865259 22336.55 22336546.91 319166.296 386531.328
1600000 1182243867207 22427.5 22427496.11 334026.608 385941.504
1650000 1182243868889 22595.62 22595620.56 194028.672 385941.504
1700000 1182243870495 22779.35 22779348.51 301833.84 386531.328
1750000 1182243871606 23105.36 23105360.44 298154.272 375914.496
1800000 1182243872922 23359.63 23359634.55 67226.72 375914.496
1850000 1182243874322 23580.1 23580095.85 150858.36 387448.832
1900000 1182243875662 23810.72 23810717.33 167945.624 385613.824
1950000 1182243877038 24023.06 24023062.14 180199.544 386138.112
2000000 1182243879570 23893.72 23893720.73 260698.6 386924.544
2050000 1182243880652 24178.52 24178520.04 96635.032 386924.544
2100000 1182243890957 22084.11 22084108.91 130504.464 386924.544
2150000 1182243905263 19653.19 19653189.76 206147.872 379060.224
2200000 1182243910265 19230.94 19230937.33 290274.248 389283.84
2250000 1182243911778 19411.28 19411277.52 138212.36 389283.84
2300000 1182243913568 19540.87 19540874.41 214712.44 387710.976
2350000 1182243915050 19717.41 19717411.73 218495.832 391053.312
2400000 1182243916930 19824.23 19824225.2 260455.352 389349.376
2450000 1182243918765 19935.07 19935068.63 288819.2 392495.104
2500000 1182243920223 20103.41 20103411.95 270688.744 392232.96
2550000 1182243921802 20248.38 20248380.13 266131.632 394854.4
2600000 1182243924674 20185.08 20185081.67 249569.792 393871.36
2650000 1182243926392 20302.47 20302468.47 164384.84 391643.136
2700000 1182243929150 20257.5 20257495.27 288760.688 393609.216
2750000 1182243932695 20098.08 20098078.62 63159.824 393609.216
2800000 1182243934901 20138.81 20138813.97 169502.744 394067.968
2850000 1182243936739 20230.99 20230988.2 259677.92 373161.984
2900000 1182243938142 20382.92 20382917.71 93019.904 373161.984
2950000 1182243940141 20447.06 20447062.9 187095.528 395444.224
3000000 1182243941786 20559.21 20559210.53 45306.704 395444.224
3050000 1182243943367 20677.83 20677825.91 248367.232 394067.968
3100000 1182243945828 20671.9 20671903.55 330506.504 395706.368
3150000 1182243946959 20848.09 20848086.94 183294.992 395706.368
3200000 1182243948329 20988.7 20988698.9 324463.304 395444.224
3250000 1182243949371 21171.95 21171948.8 176161.16 395444.224
3300000 1182243950846 21293.07 21293070.07 254556.976 396820.48
3350000 1182243952347 21408.35 21408349.9 129701.264 396820.48
3400000 1182243965296 20067.28 20067284.42 246204.984 395640.832
3450000 1182243966715 20193.27 20193270.08 343938.84 398393.344
3500000 1182243967969 20336.66 20336658.86 208487.856 398393.344
3550000 1182243969617 20431.54 20431537.08 322550.024 397737.984
3600000 1182243971250 20526.39 20526387.81 176252.76 397737.984
3650000 1182243972787 20630.68 20630676.97 291183.536 398983.168
3700000 1182243974181 20749.8 20749796.71 143729.56 398983.168
3750000 1182243975958 20822.69 20822690.62 248446.52 397934.592
3800000 1182243977293 20945.06 20945063.3 95411.44 397934.592
3850000 1182243979161 21004.39 21004391.83 202772.424 395968.512
3900000 1182243980620 21109.15 21109150.55 304254.176 390201.344
3950000 1182243982026 21218.31 21218306.83 155775.832 390201.344
4000000 1182243984086 21251.73 21251726.7 291763.048 396296.192

-- results:

10.68.12.33:35899:
num_msgs_expected=4000000, num_msgs_received=4000000 (loss rate=0.0%), received=4GB, time=188231ms, msgs/sec=21250.48, throughput=21.25MB

10.68.16.33:35031 (myself):
num_msgs_expected=4000000, num_msgs_received=4000000 (loss rate=0.0%), received=4GB, time=188220ms, msgs/sec=21251.73, throughput=21.25MB

10.68.4.33:37764:
num_msgs_expected=4000000, num_msgs_received=4000000 (loss rate=0.0%), received=4GB, time=188211ms, msgs/sec=21252.74, throughput=21.25MB

10.68.0.33:52405:
num_msgs_expected=4000000, num_msgs_received=4000000 (loss rate=0.0%), received=4GB, time=188224ms, msgs/sec=21251.28, throughput=21.25MB

combined: 21251.56 msgs/sec averaged over all receivers (throughput=21.25MB/sec)


-- results:

10.68.12.33:35899:
num_msgs_expected=4000000, num_msgs_received=4000000 (loss rate=0.0%), received=4GB, time=188231ms, msgs/sec=21250.48, throughput=21.25MB

10.68.16.33:35031 (myself):
num_msgs_expected=4000000, num_msgs_received=4000000 (loss rate=0.0%), received=4GB, time=188220ms, msgs/sec=21251.73, throughput=21.25MB

10.68.4.33:37764:
num_msgs_expected=4000000, num_msgs_received=4000000 (loss rate=0.0%), received=4GB, time=188211ms, msgs/sec=21252.74, throughput=21.25MB

10.68.0.33:52405:
num_msgs_expected=4000000, num_msgs_received=4000000 (loss rate=0.0%), received=4GB, time=188224ms, msgs/sec=21251.28, throughput=21.25MB

combined: 21251.56 msgs/sec averaged over all receivers (throughput=21.25MB/sec)

