

----------------------- TEST -----------------------
Date: Tue Jun 19 05:27:22 EDT 2007
Run by: bela

log_interval:	50000
msg_size:	1000
config:	/home/bela/config.txt
transport:	org.jgroups.tests.perf.transports.JGroupsTransport
num_senders:	4
sender:	true
props:	./tcp.xml
dump_transport_stats:	false
num_msgs:	1000000
processing_delay:	0
num_members:	4
jmx:	false
JGroups version: 2.5.0 CR1


##### msgs_received, current time (in ms), msgs/sec, throughput/sec [KB], free_mem [KB] , total_mem [KB] 
50000 1182245250487 6775.07 6775067.75 310850.664 380108.8
100000 1182245253040 10067.45 10067451.93 305312.872 380108.8
150000 1182245254835 12789.9 12789904.5 314480.248 380108.8
200000 1182245256488 14946.57 14946566.03 326810.384 380108.8
250000 1182245257946 16847.5 16847496.46 339252.784 380108.8
300000 1182245259263 18568.95 18568952.71 360773.488 401735.68
350000 1182245260097 20600.35 20600353.15 153942.696 401735.68
400000 1182245260946 22422.78 22422781.55 207348.528 401604.608
450000 1182245261766 24117.05 24117048.07 268891.552 400424.96
500000 1182245262545 25722.81 25722810.99 325646.912 393347.072
550000 1182245263344 27177.94 27177941.39 110417.744 393347.072
600000 1182245264027 28680.69 28680688.34 179346.872 400621.568
650000 1182245264790 29977.4 29977401.65 240862.936 400687.104
700000 1182245265505 31252.79 31252790.43 303006.216 400490.496
750000 1182245266109 32605.86 32605860.36 348757.552 391512.064
800000 1182245266699 33909.8 33909799.93 122806.032 391512.064
850000 1182245267322 35102.21 35102209.37 180489.032 398655.488
900000 1182245267952 36224.59 36224592.47 206960.112 399507.456
950000 1182245268655 37184.91 37184906.84 255958.088 399638.528
1000000 1182245269294 38186.89 38186886.62 296610.32 399769.6
1050000 1182245269936 39136.76 39136755 335402.208 400752.64
1100000 1182245270549 40084.54 40084541.94 378124.232 400162.816
1150000 1182245271193 40945.67 40945666.88 148848.016 400162.816
1200000 1182245271835 41771.09 41771094.4 193093.824 401342.464
1250000 1182245272473 42566.23 42566233.06 238407.816 401276.928
1300000 1182245273095 43350.67 43350673.6 289149.328 402259.968
1350000 1182245273794 43992.57 43992570.14 331002.088 401801.216
1400000 1182245274462 44649.98 44649976.08 370111.072 402522.112
1450000 1182245275074 45359.28 45359276.75 154162.352 402522.112
1500000 1182245275760 45937.59 45937586.13 201388.224 402587.648
1550000 1182245276395 46563.33 46563326.12 246075.008 403177.472
1600000 1182245277044 47146.18 47146182.63 288435.72 394067.968
1650000 1182245277705 47690.62 47690617.95 332787.4 402915.328
1700000 1182245278312 48288.6 48288595.37 101918.608 402915.328
1750000 1182245278955 48817.23 48817228.3 148492.832 402784.256
1800000 1182245279578 49354.28 49354281.48 198415.392 403701.76
1850000 1182245280251 49806.16 49806159.81 257986.088 403374.08
1900000 1182245280881 50299.15 50299147.56 315965.152 404357.12
1950000 1182245281523 50760.1 50760099.96 360050.904 404029.44
2000000 1182245282137 51242.63 51242633.87 125075.048 404029.44
2050000 1182245282781 51671.12 51671119.62 173707.648 404422.656
2100000 1182245283422 52089.79 52089792.88 223349.944 403308.544
2150000 1182245284104 52442.86 52442861.67 268344.152 404094.976
2200000 1182245284785 52785.64 52785642.31 305606.56 403439.616
2250000 1182245285457 53128.69 53128689.49 348418.28 399114.24
2300000 1182245286054 53554.38 53554380.98 113296.016 399114.24
2350000 1182245286674 53939.91 53939908.65 162325.8 401276.928
2400000 1182245287362 54231.16 54231160.32 212942.192 400424.96
2450000 1182245288038 54528.05 54528054.13 253387.664 400949.248
2500000 1182245288674 54864.27 54864265.81 295104.064 401145.856
2550000 1182245289333 55163.76 55163760.65 343566.704 401014.784
2600000 1182245289938 55518.78 55518780.3 118650.68 401014.784
2650000 1182245290578 55823.56 55823555.43 157657.184 401997.824
2700000 1182245291278 56050.32 56050320.73 185644.408 399900.672
2750000 1182245291907 56352.46 56352459.02 238360.152 401539.072
2800000 1182245292538 56644.62 56644615.73 289257.928 400883.712
2850000 1182245293224 56866.93 56866931.38 332516.992 402587.648
2900000 1182245293829 57174.4 57174401.64 101188.024 402587.648
2950000 1182245294470 57434.34 57434339.89 154405.888 402128.896
3000000 1182245295109 57690.09 57690088.84 198343.624 402391.04
3050000 1182245295779 57905.53 57905528.55 238879.6 398852.096
3100000 1182245296410 58158.08 58158077.41 291485.376 401932.288
3150000 1182245297058 58386.31 58386313.51 328266.744 390987.776
3200000 1182245297673 58644.58 58644577.21 104686.016 390987.776
3250000 1182245298352 58828.85 58828853.29 156906.224 401276.928
3300000 1182245298996 59045.61 59045608.26 200569.04 397148.16
3350000 1182245299622 59276.3 59276298.33 250116.28 401735.68
3400000 1182245300265 59484.24 59484236.68 295945.912 401342.464
3450000 1182245300927 59667.93 59667934.97 342467.992 402128.896
3500000 1182245301519 59919.19 59919194.69 118996.672 402128.896
3550000 1182245302122 60154.2 60154198.09 168167.568 401670.144
3600000 1182245302774 60334.86 60334858.46 216160.04 402653.184
3650000 1182245303429 60508.6 60508603.83 261789.688 402391.04
3700000 1182245304121 60641.82 60641819.91 311338.48 403111.936
3750000 1182245304731 60852.91 60852914.45 86633.2 403111.936
3800000 1182245305419 60983.44 60983438.18 131568.384 402784.256
3850000 1182245306050 61166.45 61166452.19 167384.344 402522.112
3900000 1182245306808 61223.53 61223528.67 205880.04 402849.792
3950000 1182245307671 61179.6 61179604.73 285693.208 401932.288
4000000 1182245308939 60760.72 60760724.27 135366.096 401932.288

-- results:

10.68.12.33:7800:
num_msgs_expected=4000000, num_msgs_received=4000000 (loss rate=0.0%), received=4GB, time=65787ms, msgs/sec=60802.29, throughput=60.8MB

10.68.16.33:7800 (myself):
num_msgs_expected=4000000, num_msgs_received=4000000 (loss rate=0.0%), received=4GB, time=65832ms, msgs/sec=60760.72, throughput=60.76MB

10.68.4.33:7800:
num_msgs_expected=4000000, num_msgs_received=4000000 (loss rate=0.0%), received=4GB, time=65826ms, msgs/sec=60766.26, throughput=60.77MB

10.68.0.33:7800:
num_msgs_expected=4000000, num_msgs_received=4000000 (loss rate=0.0%), received=4GB, time=65786ms, msgs/sec=60803.21, throughput=60.8MB

combined: 60783.12 msgs/sec averaged over all receivers (throughput=60.78MB/sec)


-- results:

10.68.12.33:7800:
num_msgs_expected=4000000, num_msgs_received=4000000 (loss rate=0.0%), received=4GB, time=65787ms, msgs/sec=60802.29, throughput=60.8MB

10.68.16.33:7800 (myself):
num_msgs_expected=4000000, num_msgs_received=4000000 (loss rate=0.0%), received=4GB, time=65832ms, msgs/sec=60760.72, throughput=60.76MB

10.68.0.33:7800:
num_msgs_expected=4000000, num_msgs_received=4000000 (loss rate=0.0%), received=4GB, time=65786ms, msgs/sec=60803.21, throughput=60.8MB

10.68.4.33:7800:
num_msgs_expected=4000000, num_msgs_received=4000000 (loss rate=0.0%), received=4GB, time=65826ms, msgs/sec=60766.26, throughput=60.77MB

combined: 60783.12 msgs/sec averaged over all receivers (throughput=60.78MB/sec)

