

----------------------- TEST -----------------------
Date: Tue Jun 19 05:12:55 EDT 2007
Run by: bela

log_interval:	50000
msg_size:	2500
config:	/home/bela/config.txt
transport:	org.jgroups.tests.perf.transports.JGroupsTransport
num_senders:	4
sender:	true
props:	./udp.xml
dump_transport_stats:	false
num_msgs:	1000000
processing_delay:	0
num_members:	4
jmx:	false
JGroups version: 2.5.0 CR1


##### msgs_received, current time (in ms), msgs/sec, throughput/sec [KB], free_mem [KB] , total_mem [KB] 
50000 1182244383669 6792.56 16981388.4 153063.872 380108.8
100000 1182244387951 8588.85 21472129.18 238386.088 380108.8
150000 1182244392946 9015.51 22538766.68 116924.68 377880.576
200000 1182244397071 9632.52 24081298.46 273847.36 395640.832
250000 1182244400595 10293.57 25733931.73 258326.552 395116.544
300000 1182244404819 10522.25 26305636.42 305831.944 394133.504
350000 1182244408613 10834.24 27085590.47 353109.864 394657.792
400000 1182244412020 11200.72 28001792.11 260449.672 394002.432
450000 1182244417379 10956.64 27391590.17 248523.856 394657.792
500000 1182244421235 11129.17 27822912.73 210431.416 396427.264
550000 1182244424040 11522.67 28806670.58 112680.312 397344.768
600000 1182244426956 11846.47 29616174.38 274918.672 398131.2
650000 1182244430713 11947.43 29868578.26 230537.848 399310.848
700000 1182244434778 11971.95 29929878.57 277816.432 399704.064
750000 1182244438983 11966.49 29916234.54 212285.216 399638.528
800000 1182244442078 12163.6 30409001.06 90036.632 398983.168
850000 1182244448446 11782.97 29457428.82 171545.752 399638.528
900000 1182244453174 11708.69 29271719.62 179574.736 400424.96
950000 1182244457444 11708.74 29271839.87 155202.72 400424.96
1000000 1182244460590 11864.93 29662324.1 230646.072 400556.032
1050000 1182244465042 11833.12 29582798.03 175144.656 400621.568
1100000 1182244469054 11860.35 29650874.43 59087.728 400687.104
1150000 1182244472928 11902.3 29755744.15 208373.888 402063.36
1200000 1182244476636 11960.77 29901921.7 183149.048 402391.04
1250000 1182244480037 12050.63 30126579.84 61879.056 404094.976
1300000 1182244483500 12127.77 30319426.82 289695.752 403898.368
1350000 1182244486797 12218.41 30546027.21 88871.2 403898.368
1400000 1182244491663 12136.45 30341120.89 137150.024 399114.24
1450000 1182244494590 12258.84 30647097.61 99899.088 404029.44
1500000 1182244499698 12156.58 30391441.77 254944.152 389414.912
1550000 1182244503499 12186.4 30465992.09 259389.776 400949.248
1600000 1182244506695 12271.16 30677905.01 99464.864 398065.664
1650000 1182244511580 12197.65 30494115.56 281389.192 399507.456
1700000 1182244516803 12100.07 30250186.84 315751.504 398327.808
1750000 1182244522193 11995.75 29989375.19 103144.632 399769.6
1800000 1182244528834 11801.27 29503166.67 173854.056 401211.392
1850000 1182244533238 11788.7 29471738.99 228435.256 400424.96
1900000 1182244539886 11615.25 29038134.71 92521.776 400162.816
1950000 1182244543067 11693.52 29233804.47 163890.208 401080.32
2000000 1182244547951 11652.09 29130229.6 127817.136 402391.04
2050000 1182244552656 11624.74 29061854.97 279456.04 402718.72
2100000 1182244555999 11686.73 29216822.21 211751.368 399245.312
2150000 1182244563003 11516.11 28790272.91 130795.48 398262.272
2200000 1182244567467 11508.74 28771860.07 56833.088 401473.536
2250000 1182244573493 11410.6 28526510.64 270769.592 400621.568
2300000 1182244578067 11399.74 28499348.23 266292.104 401211.392
2350000 1182244582848 11377.94 28444853.3 156165.296 401473.536
2400000 1182244589467 11259.2 28148002.2 50699.96 402325.504
2450000 1182244593194 11296.26 28240642.55 211462.816 397410.304
2500000 1182244596518 11352.8 28381999 286334.984 400424.96
2550000 1182244600193 11389.78 28474440 45351.776 401473.536
2600000 1182244603667 11435.66 28589147.56 62124.944 398524.416
2650000 1182244608244 11425.57 28563914.18 229133.664 400097.28
2700000 1182244612249 11443.54 28608847.13 58996.104 399900.672
2750000 1182244616620 11443.46 28608642.1 67962.68 399376.384
2800000 1182244621770 11407.06 28517652.43 47212.688 400490.496
2850000 1182244624904 11464.38 28660959.95 154600.384 400097.28
2900000 1182244628109 11517.03 28792578.27 324604.992 397737.984
2950000 1182244631383 11565.23 28913064.78 220788.576 398917.632
3000000 1182244637730 11475.7 28689245.74 368218.552 400883.712
3050000 1182244640583 11541.01 28852521.05 138302.144 400293.888
3100000 1182244644135 11574.64 28936589.66 321394.128 400293.888
3150000 1182244648015 11593.37 28983427 174514.84 398524.416
3200000 1182244652231 11597.44 28993596.04 311700.888 399441.92
3250000 1182244657611 11553.38 28883445.96 259679.824 399638.528
3300000 1182244663663 11484.05 28710132.07 97932.24 401014.784
3350000 1182244669505 11425.76 28564412.32 80774.424 399179.776
3400000 1182244676525 11325.14 28312853.7 149983.648 402259.968
3450000 1182244681158 11317.04 28292602.92 144376.16 402915.328
3500000 1182244686147 11296.19 28240473.28 352345.936 403308.544
3550000 1182244690307 11305.77 28264421.22 322949.272 403046.4
3600000 1182244693963 11333.05 28332625.02 110439.376 402259.968
3650000 1182244697610 11360.03 28400072.21 324894.864 401670.144
3700000 1182244703309 11314.95 28287375.27 75213.368 402522.112
3750000 1182244706007 11374.01 28435027.1 332281.88 402849.792
3800000 1182244709510 11404.49 28511233.43 294733.632 402653.184
3850000 1182244715337 11355.96 28389901.75 239320.472 403636.224
3900000 1182244721735 11290.37 28225934.86 188611.848 403505.152
3950000 1182244727314 11253.37 28133422.22 145364.144 404291.584
4000000 1182244729645 11320.64 28301593.1 130402.424 404029.44

-- results:

10.68.12.33:35900:
num_msgs_expected=4000000, num_msgs_received=4000000 (loss rate=0.0%), received=10GB, time=353355ms, msgs/sec=11320.06, throughput=28.3MB

10.68.16.33:35031 (myself):
num_msgs_expected=4000000, num_msgs_received=4000000 (loss rate=0.0%), received=10GB, time=353337ms, msgs/sec=11320.64, throughput=28.3MB

10.68.4.33:37764:
num_msgs_expected=4000000, num_msgs_received=4000000 (loss rate=0.0%), received=10GB, time=353333ms, msgs/sec=11320.77, throughput=28.3MB

10.68.0.33:52407:
num_msgs_expected=4000000, num_msgs_received=4000000 (loss rate=0.0%), received=10GB, time=353635ms, msgs/sec=11311.1, throughput=28.28MB

combined: 11318.14 msgs/sec averaged over all receivers (throughput=28.3MB/sec)


-- results:

10.68.12.33:35900:
num_msgs_expected=4000000, num_msgs_received=4000000 (loss rate=0.0%), received=10GB, time=353355ms, msgs/sec=11320.06, throughput=28.3MB

10.68.16.33:35031 (myself):
num_msgs_expected=4000000, num_msgs_received=4000000 (loss rate=0.0%), received=10GB, time=353337ms, msgs/sec=11320.64, throughput=28.3MB

10.68.4.33:37764:
num_msgs_expected=4000000, num_msgs_received=4000000 (loss rate=0.0%), received=10GB, time=353333ms, msgs/sec=11320.77, throughput=28.3MB

10.68.0.33:52407:
num_msgs_expected=4000000, num_msgs_received=4000000 (loss rate=0.0%), received=10GB, time=353635ms, msgs/sec=11311.1, throughput=28.28MB

combined: 11318.14 msgs/sec averaged over all receivers (throughput=28.3MB/sec)

