

----------------------- TEST -----------------------
Date: Tue Jun 19 05:29:22 EDT 2007
Run by: bela

log_interval:	50000
msg_size:	2500
config:	/home/bela/config.txt
transport:	org.jgroups.tests.perf.transports.JGroupsTransport
num_senders:	4
sender:	true
props:	./tcp.xml
dump_transport_stats:	false
num_msgs:	1000000
processing_delay:	0
num_members:	4
jmx:	false
JGroups version: 2.5.0 CR1


##### msgs_received, current time (in ms), msgs/sec, throughput/sec [KB], free_mem [KB] , total_mem [KB] 
50000 1182245370852 6605.02 16512549.54 316401.4 380108.8
100000 1182245373576 9714.4 24285991.84 286582.184 380108.8
150000 1182245375961 11830.59 29576465.02 294846.64 402128.896
200000 1182245377842 13736.26 34340659.34 115143.32 391708.672
250000 1182245379377 15532.77 38831935.38 194062.024 387710.976
300000 1182245380933 16996.2 42490510.45 278353.688 400293.888
350000 1182245382544 18170.49 45426227.81 357340.52 401145.856
400000 1182245384110 19204.92 48012291.15 169618.56 401735.68
450000 1182245385375 20368.44 50921106.23 216680.816 401014.784
500000 1182245386561 21478.59 53696464.62 276913.016 401604.608
550000 1182245387780 22450.81 56127030.78 342814.12 403111.936
600000 1182245388943 23381.79 58454463.97 126590.296 402456.576
650000 1182245390154 24188.75 60471866.63 192332.08 403701.76
700000 1182245391605 24714.9 61787240.05 244720.168 404291.584
750000 1182245392995 25241.48 63103691.99 309233.504 395771.904
800000 1182245394156 25911.77 64779426.05 116298.224 405536.768
850000 1182245395333 26520.23 66300583.45 188827.184 404160.512
900000 1182245396682 26946.11 67365269.46 258861.424 405602.304
950000 1182245397953 27400.42 68501052.75 331098.256 406257.664
1000000 1182245399277 27781.64 69454090.85 107585.848 406192.128
1050000 1182245400663 28089.14 70222840.48 171006.912 403767.296
1100000 1182245401943 28452.45 71131114.04 242689.808 406061.056
1150000 1182245403296 28739.94 71849852.55 300853.064 406454.272
1200000 1182245404672 28992.51 72481275.67 97499.888 406061.056
1250000 1182245406038 29235.66 73089157.08 176119.768 405995.52
1300000 1182245407405 29463.09 73657729.53 247903.904 405274.624
1350000 1182245408782 29670.33 74175824.18 327329.592 405864.448
1400000 1182245410074 29919.64 74799110.96 114926.52 405405.696
1450000 1182245411386 30143.02 75357558.62 207077.736 405864.448
1500000 1182245412635 30393.29 75983222.9 291083.712 405864.448
1550000 1182245413849 30652.4 76631004.41 97725.256 406847.488
1600000 1182245415032 30917.87 77294685.99 178145.144 407240.704
1650000 1182245416212 31173.25 77933119.21 257094.48 405405.696
1700000 1182245417443 31387.9 78469747.6 330122.352 406585.344
1750000 1182245418706 31574.77 78936922.63 110886.328 406257.664
1800000 1182245420092 31684.56 79211406.44 200644.856 406781.952
1850000 1182245421526 31762.93 79407320.93 276754.72 406781.952
1900000 1182245422838 31902.75 79756867.49 359330.92 406978.56
1950000 1182245424128 32048.12 80120303.72 145966.64 405864.448
2000000 1182245425581 32103.24 80258110.08 219569.744 407175.168
2050000 1182245427176 32084.39 80210974.43 309637.968 407109.632
2100000 1182245428680 32111.07 80277684.33 112025.56 407109.632
2150000 1182245430204 32126.95 80317384.42 198475.128 407109.632
2200000 1182245431794 32111.16 80277907.52 251994.056 399376.384
2250000 1182245433353 32110.29 80275720.34 323595.64 406978.56
2300000 1182245434903 32113.49 80283715.67 118542.536 407568.384
2350000 1182245436351 32161.38 80403454.27 189930.728 406716.416
2400000 1182245437786 32213.04 80532588.85 272688.168 406978.56
2450000 1182245439204 32269.96 80674903.19 357717.848 406847.488
2500000 1182245440536 32360.78 80901959.77 151582.624 407044.096
2550000 1182245441764 32491.53 81228816.8 219824.168 406454.272
2600000 1182245443211 32528.87 81322173.43 301625.152 405929.984
2650000 1182245444558 32604.95 81512377.58 90200.72 406323.2
2700000 1182245445946 32662.34 81655859.87 173657.896 406650.88
2750000 1182245447286 32736.54 81841340.89 245048.328 407371.776
2800000 1182245448700 32779.98 81949940.29 322018.128 407175.168
2850000 1182245449922 32894.74 82236842.11 102124.68 404619.264
2900000 1182245451199 32985.66 82464142.32 181288.552 406388.736
2950000 1182245452428 33091.78 82729455.05 251562.8 406454.272
3000000 1182245453629 33205.31 83013271.05 332455.92 403832.832
3050000 1182245454782 33333.33 83333333.33 118248.776 404291.584
3100000 1182245456061 33412.73 83531833.71 197457.856 405143.552
3150000 1182245457488 33437.36 83593401.69 277456.784 405536.768
3200000 1182245458923 33458.45 83646135.03 72731.864 405340.16
3250000 1182245460515 33424.87 83562165.11 146372.688 405536.768
3300000 1182245461966 33440.07 83600178.35 219871.768 405995.52
3350000 1182245463599 33394.14 83485351.44 290361.112 406585.344
3400000 1182245465079 33399.81 83499513.74 89149.968 407306.24
3450000 1182245466671 33369.12 83422801.27 165903.84 406323.2
3500000 1182245468368 33306.05 83265135.22 246245.96 407371.776
3550000 1182245469983 33270.54 83176352.61 326631.064 407437.312
3600000 1182245471343 33314.52 83286292 116196.056 407175.168
3650000 1182245472678 33365.02 83412556.22 197662.424 407568.384
3700000 1182245473996 33419.44 83548602.71 283878.16 407764.992
3750000 1182245475261 33488.42 83721054.84 73521.448 408092.672
3800000 1182245476599 33534.24 83835611.6 155468.568 408027.136
3850000 1182245478060 33543.01 83857533.67 218475.792 407764.992
3900000 1182245480041 33402.14 83505340.06 173759.768 400818.176
3950000 1182245482401 33160.12 82900292.98 168127.536 407306.24
4000000 1182245486178 32547.85 81369613.33 148204.288 399769.6

-- results:

10.68.12.33:7800:
num_msgs_expected=4000000, num_msgs_received=4000000 (loss rate=0.0%), received=10GB, time=122909ms, msgs/sec=32544.4, throughput=81.36MB

10.68.16.33:7800 (myself):
num_msgs_expected=4000000, num_msgs_received=4000000 (loss rate=0.0%), received=10GB, time=122896ms, msgs/sec=32547.85, throughput=81.37MB

10.68.0.33:7800:
num_msgs_expected=4000000, num_msgs_received=4000000 (loss rate=0.0%), received=10GB, time=122877ms, msgs/sec=32552.88, throughput=81.38MB

10.68.4.33:7800:
num_msgs_expected=4000000, num_msgs_received=4000000 (loss rate=0.0%), received=10GB, time=122926ms, msgs/sec=32539.9, throughput=81.35MB

combined: 32546.26 msgs/sec averaged over all receivers (throughput=81.36MB/sec)

