

----------------------- TEST -----------------------
Date: Tue Jun 19 05:19:16 EDT 2007
Run by: bela

log_interval:	50000
msg_size:	2500
config:	/home/bela/config.txt
transport:	org.jgroups.tests.perf.transports.JGroupsTransport
num_senders:	4
sender:	true
props:	./sfc.xml
dump_transport_stats:	false
num_msgs:	1000000
processing_delay:	0
num_members:	4
jmx:	false
JGroups version: 2.5.0 CR1


##### msgs_received, current time (in ms), msgs/sec, throughput/sec [KB], free_mem [KB] , total_mem [KB] 
50000 1182244764781 7327.08 18317702.23 298599.336 380108.8
100000 1182244768329 9641.34 24103355.19 367575.688 390725.632
150000 1182244781986 6242.46 15606142.58 209464.4 383188.992
200000 1182244786318 7051.94 17629843.8 276418.728 383385.6
250000 1182244788893 8081.2 20202999.74 339841.392 384565.248
300000 1182244794064 8308.64 20771595.54 156948.536 387973.12
350000 1182244798159 8706.03 21765086.31 105654.904 388366.336
400000 1182244803988 8689.8 21724490.02 105475.144 391118.848
450000 1182244807759 9035.78 22589454.24 204971.688 391774.208
500000 1182244810826 9457.34 23643344.87 89068.56 393084.928
550000 1182244813842 9841.64 24604097.7 83935.32 394002.432
600000 1182244818436 9920.8 24801997.39 167509.344 398065.664
650000 1182244821121 10290.67 25726679.75 216619.904 399245.312
700000 1182244824871 10461.19 26152972.47 328639.408 400228.352
750000 1182244829752 10446.41 26116024.79 285915.96 390725.632
800000 1182244832920 10671.93 26679828.72 191223.24 388890.624
850000 1182244837068 10744.4 26860992.78 78417.496 385417.216
900000 1182244840594 10891.01 27227513.1 196485.88 391184.384
950000 1182244843707 11078.72 27696793 137219.008 383713.28
1000000 1182244847724 11139.95 27849878.02 269086.096 383909.888
1050000 1182244851362 11241.37 28103420.59 118217.176 388694.016
1100000 1182244855799 11242.62 28106539.11 134333.376 388956.16
1150000 1182244858664 11419.27 28548164.48 281989.48 383254.528
1200000 1182244861946 11539.68 28849205.2 233206.424 389939.2
1250000 1182244865871 11583.3 28958244.53 232040.136 390594.56
1300000 1182244878061 10823.95 27059881.44 85112.368 385024.0
1350000 1182244887607 10412.65 26031623.6 132377.544 392691.712
1400000 1182244898058 9992.79 24981977.29 82230.488 395509.76
1450000 1182244906734 9746.13 24365325.29 282864.32 396361.728
1500000 1182244915585 9516.08 23790189.56 237589.112 396099.584
1550000 1182244923791 9346.7 23366740.23 179612.984 397279.232
1600000 1182244932414 9171.31 22928286.05 158189.216 398262.272
1650000 1182244939273 9100.13 22750336.43 113792.96 399441.92
1700000 1182244948943 8901.18 22252940.01 174143.032 400949.248
1750000 1182244957291 8779.23 21948087.13 88737.944 399376.384
1800000 1182244965646 8666.8 21667011.73 278351.96 399376.384
1850000 1182244973951 8565.05 21412631.83 289886.408 395902.976
1900000 1182244976927 8676.99 21692469.29 119986.0 396820.48
1950000 1182244981259 8732.57 21831421.12 138916.864 398000.128
2000000 1182244985417 8792.75 21981886.93 270147.592 393216.0
2050000 1182244990771 8805.31 22013280.99 239444.936 387579.904
2100000 1182244996746 8794.37 21985937.38 272807.8 393478.144
2150000 1182245003708 8748.69 21871731.96 216746.56 393216.0
2200000 1182245009525 8745.15 21862876.04 292334.088 393805.824
2250000 1182245017078 8683.2 21708005.14 243184.224 395837.44
2300000 1182245022832 8683.34 21708353 216054.88 396886.016
2350000 1182245027060 8732.72 21831789.31 161242.664 396623.872
2400000 1182245036449 8617.84 21544604.51 111783.976 397082.624
2450000 1182245042038 8624.3 21560752.04 102005.352 398393.344
2500000 1182245048322 8609.85 21524632.79 119750.144 399704.064
2550000 1182245052980 8643.39 21608484.76 153938.0 401014.784
2600000 1182245058539 8649.89 21624714.72 246094.744 398917.632
2650000 1182245064857 8634.73 21586836.1 284766.168 399441.92
2700000 1182245068522 8693.83 21734580.52 187816.928 399769.6
2750000 1182245074055 8699.83 21749583.99 309338.944 399572.992
2800000 1182245080170 8689.9 21724759.71 90507.76 395378.688
2850000 1182245085373 8704.52 21761306.72 106307.544 399572.992
2900000 1182245088278 8779.34 21948347.21 145347.6 398393.344
2950000 1182245091618 8841.31 22103272.48 111501.832 399114.24
3000000 1182245095690 8882.76 22206891.24 266337.976 399048.704
3050000 1182245098390 8959.18 22397946.15 302105.84 399048.704
3100000 1182245103577 8969.39 22423470.86 326912.408 398196.736
3150000 1182245107520 9011.25 22528127.98 231282.28 398589.952
3200000 1182245111362 9054.77 22636917.98 353751.64 398524.416
3250000 1182245116180 9072.56 22681402.37 283942.216 400228.352
3300000 1182245119782 9120.43 22801077.87 124296.056 399179.776
3350000 1182245122544 9188.48 22971197.55 96690.808 401342.464
3400000 1182245126193 9233.21 23083022.84 208159.904 400293.888
3450000 1182245130080 9271.13 23177820.24 160370.912 399900.672
3500000 1182245134940 9284.24 23210595.7 150039.448 401801.216
3550000 1182245139177 9312.21 23280520.43 236475.792 402259.968
3600000 1182245142297 9366.71 23416766.4 187840.416 403243.008
3650000 1182245145503 9418.24 23545592.01 280466.832 403570.688
3700000 1182245149002 9461.83 23654566.61 197730.216 398983.168
3750000 1182245152525 9504.07 23760163.01 206835.808 400293.888
3800000 1182245161668 9412.67 23531684.79 262377.736 398983.168
3850000 1182245166798 9416.86 23542159.42 179554.32 400490.496
3900000 1182245171445 9431.95 23579886.24 112094.024 399769.6
3950000 1182245174859 9474.65 23686621.8 59084.688 400687.104
4000000 1182245177617 9531.53 23828813.8 309703.496 401145.856

-- results:

10.68.12.33:35901:
num_msgs_expected=4000000, num_msgs_received=4000000 (loss rate=0.0%), received=10GB, time=419667ms, msgs/sec=9531.37, throughput=23.83MB

10.68.4.33:37765:
num_msgs_expected=4000000, num_msgs_received=4000000 (loss rate=0.0%), received=10GB, time=419649ms, msgs/sec=9531.78, throughput=23.83MB

10.68.0.33:52408:
num_msgs_expected=4000000, num_msgs_received=4000000 (loss rate=0.0%), received=10GB, time=419657ms, msgs/sec=9531.59, throughput=23.83MB

10.68.16.33:35032 (myself):
num_msgs_expected=4000000, num_msgs_received=4000000 (loss rate=0.0%), received=10GB, time=419660ms, msgs/sec=9531.53, throughput=23.83MB

combined: 9531.57 msgs/sec averaged over all receivers (throughput=23.83MB/sec)


-- results:

10.68.12.33:35901:
num_msgs_expected=4000000, num_msgs_received=4000000 (loss rate=0.0%), received=10GB, time=419667ms, msgs/sec=9531.37, throughput=23.83MB

10.68.4.33:37765:
num_msgs_expected=4000000, num_msgs_received=4000000 (loss rate=0.0%), received=10GB, time=419649ms, msgs/sec=9531.78, throughput=23.83MB

10.68.0.33:52408:
num_msgs_expected=4000000, num_msgs_received=4000000 (loss rate=0.0%), received=10GB, time=419657ms, msgs/sec=9531.59, throughput=23.83MB

10.68.16.33:35032 (myself):
num_msgs_expected=4000000, num_msgs_received=4000000 (loss rate=0.0%), received=10GB, time=419660ms, msgs/sec=9531.53, throughput=23.83MB

combined: 9531.57 msgs/sec averaged over all receivers (throughput=23.83MB/sec)

