

----------------------- TEST -----------------------
Date: Tue Jun 19 05:57:53 EDT 2007
Run by: bela

log_interval:	50000
msg_size:	5000
config:	/home/bela/config.txt
transport:	org.jgroups.tests.perf.transports.JGroupsTransport
num_senders:	4
sender:	true
props:	./tcp.xml
dump_transport_stats:	false
num_msgs:	1000000
processing_delay:	0
num_members:	4
jmx:	false
JGroups version: 2.5.0 CR1


##### msgs_received, current time (in ms), msgs/sec, throughput/sec [KB], free_mem [KB] , total_mem [KB] 
50000 1182247083323 5630.63 28153153.15 139921.968 380108.8
100000 1182247086853 8058.02 40290088.64 230837.952 403177.472
150000 1182247089623 9881.42 49407114.62 215629.856 401604.608
200000 1182247092195 11266.34 56331680.94 156393.648 401866.752
250000 1182247094726 12325.59 61627964.31 364943.76 402849.792
300000 1182247097045 13273.16 66365808.34 314882.272 405209.088
350000 1182247099206 14133.99 70669951.14 249984.888 405864.448
400000 1182247101394 14841.75 74208749.21 194385.504 407699.456
450000 1182247103552 15459.14 77295681.75 138043.24 407764.992
500000 1182247105742 15974.95 79874756.38 375371.0 408748.032
550000 1182247107921 16428.7 82143497.22 329628.56 409862.144
600000 1182247110103 16825.57 84127874.37 287876.784 409927.68
650000 1182247112267 17184.86 85924280.88 243846.328 409075.712
700000 1182247114445 17499.13 87495625.22 194771.408 409403.392
750000 1182247116629 17778.41 88892049.5 155681.792 409731.072
800000 1182247118799 18035.89 90179457.12 112233.832 407502.848
850000 1182247120972 18268.18 91340884.18 366174.464 407830.528
900000 1182247123146 18479.35 92396772.27 324021.256 409403.392
950000 1182247125329 18669.18 93345910.47 278687.048 409600.0
1000000 1182247127510 18844.1 94220513.69 237990.816 409927.68
1050000 1182247129668 19013.13 95065640.56 195096.968 409993.216
1100000 1182247131831 19167.77 95838851.33 150956.736 408158.208
1150000 1182247133998 19309.88 96549408.11 106625.936 409141.248
1200000 1182247136165 19442.01 97210070.96 351178.576 409206.784
1250000 1182247138333 19564.88 97824385.66 301331.176 408289.28
1300000 1182247140517 19674.91 98374549.75 258214.136 408092.672
1350000 1182247142703 19777.32 98886610.02 206646.44 408616.96
1400000 1182247144862 19881 99404990.13 154004.848 403308.544
1450000 1182247147050 19970.53 99852631.29 107457.248 408813.568
1500000 1182247149234 20055.89 100279445.39 352434.784 409534.464
1550000 1182247151382 20145.83 100729149.07 305334.288 409468.928
1600000 1182247153576 20219.12 101095623.82 257617.376 409206.784
1650000 1182247155753 20292.71 101463534.62 212999.064 409468.928
1700000 1182247157956 20356.11 101780561.11 169434.816 410320.896
1750000 1182247160139 20421.02 102105115.76 132384.912 410517.504
1800000 1182247162325 20482.01 102410049.84 93480.824 410386.432
1850000 1182247164507 20540.95 102704743.29 335983.128 407896.064
1900000 1182247166681 20598.89 102994427.46 289191.728 408485.888
1950000 1182247168837 20658.09 103290463.38 248539.368 408616.96
2000000 1182247171025 20707.79 103538961.71 198504.312 408879.104
2050000 1182247173201 20757.81 103789060.13 148687.584 409600.0
2100000 1182247175382 20804.64 104023221.95 102684.04 407109.632
2150000 1182247177562 20849.7 104248489.61 340973.024 407044.096
2200000 1182247179720 20897.25 104486260.06 291850.736 407240.704
2250000 1182247181911 20936.46 104682324.04 238123.44 407502.848
2300000 1182247184082 20977.94 104889683.42 191119.088 408289.28
2350000 1182247186253 21017.8 105088990.25 135415.416 408485.888
2400000 1182247188421 21056.7 105283475.76 89748.88 408289.28
2450000 1182247190616 21089.24 105446188.01 335349.976 409141.248
2500000 1182247192772 21127.53 105637671.24 281657.936 408027.136
2550000 1182247194945 21161.47 105807372.49 242327.712 408879.104
2600000 1182247197139 21190.58 105952924.3 190112.688 408616.96
2650000 1182247199313 21222.07 106110354.77 135416.24 408616.96
2700000 1182247201491 21251.81 106259051.7 88051.24 408354.816
2750000 1182247203672 21280.05 106400266.19 328174.896 408027.136
2800000 1182247205839 21309.63 106548144.54 277117.32 408485.888
2850000 1182247208013 21337.13 106685633 227841.448 408616.96
2900000 1182247210157 21368.47 106842330.19 179987.528 408616.96
2950000 1182247212347 21391.69 106958463.86 124187.856 406978.56
3000000 1182247214519 21416.95 107084725.43 68799.904 406847.488
3050000 1182247216725 21436.3 107181512.77 300701.344 407437.312
3100000 1182247218891 21461.01 107305050.95 244177.504 407699.456
3150000 1182247221058 21484.84 107424206.25 194482.616 408354.816
3200000 1182247223238 21506.1 107530494.98 141398.12 408223.744
3250000 1182247225421 21526.32 107631575.46 97189.256 408551.424
3300000 1182247227611 21544.97 107724851.14 333077.592 408551.424
3350000 1182247229792 21564.35 107821743.3 278435.504 408682.496
3400000 1182247231956 21585.52 107927599.63 235641.224 408354.816
3450000 1182247234132 21604.49 108022468.67 182722.568 408616.96
3500000 1182247236288 21625.63 108128147.3 130556.288 406716.416
3550000 1182247238480 21641.46 108207294.7 75952.192 407699.456
3600000 1182247240669 21657.26 108286309 310520.528 408485.888
3650000 1182247242833 21675.87 108379357.44 261154.576 408223.744
3700000 1182247245039 21688.67 108443339.82 207167.568 408092.672
3750000 1182247247206 21706.04 108530182.97 156374.536 408944.64
3800000 1182247249404 21719.13 108595629.88 116137.464 408813.568
3850000 1182247251583 21734.22 108671107.6 66268.32 409075.712
3900000 1182247253766 21748.47 108742325.3 308742.8 409534.464
3950000 1182247255948 21762.49 108812429.41 261118.288 409665.536
4000000 1182247258956 21678.69 108393446.53 263670.68 409403.392

-- results:

10.68.12.33:7800:
num_msgs_expected=4000000, num_msgs_received=4000000 (loss rate=0.0%), received=20GB, time=184481ms, msgs/sec=21682.45, throughput=108.41MB

10.68.16.33:7800 (myself):
num_msgs_expected=4000000, num_msgs_received=4000000 (loss rate=0.0%), received=20GB, time=184513ms, msgs/sec=21678.69, throughput=108.39MB

10.68.0.33:7800:
num_msgs_expected=4000000, num_msgs_received=4000000 (loss rate=0.0%), received=20GB, time=184503ms, msgs/sec=21679.86, throughput=108.4MB

10.68.4.33:7800:
num_msgs_expected=4000000, num_msgs_received=4000000 (loss rate=0.0%), received=20GB, time=184517ms, msgs/sec=21678.22, throughput=108.39MB

combined: 21679.81 msgs/sec averaged over all receivers (throughput=108.4MB/sec)

