

----------------------- TEST -----------------------
Date: Tue Jun 19 05:32:40 EDT 2007
Run by: bela

log_interval:	50000
msg_size:	5000
config:	/home/bela/config.txt
transport:	org.jgroups.tests.perf.transports.JGroupsTransport
num_senders:	4
sender:	true
props:	./udp.xml
dump_transport_stats:	false
num_msgs:	1000000
processing_delay:	0
num_members:	4
jmx:	false
JGroups version: 2.5.0 CR1


##### msgs_received, current time (in ms), msgs/sec, throughput/sec [KB], free_mem [KB] , total_mem [KB] 
50000 1182245572226 4571.64 22858187.8 246032.288 380108.8
100000 1182245583034 4598.76 22993791.68 277119.768 383778.816
150000 1182245590508 5133.65 25668229.58 147176.112 399179.776
200000 1182245597674 5496.77 27483853.24 141693.336 399900.672
250000 1182245605796 5617.09 28085469.7 223283.352 402128.896
300000 1182245613510 5744.82 28724076.52 264311.8 403505.152
350000 1182245620995 5862.06 29310287.07 221808.832 403636.224
400000 1182245630320 5794.5 28972490.62 360034.08 400818.176
450000 1182245637796 5881.81 29409073.68 364534.416 404619.264
500000 1182245647394 5806.86 29034318.56 306533.424 404291.584
550000 1182245653771 5947.1 29735516.1 225916.248 403636.224
600000 1182245661646 5978.66 29893280.99 205105.776 404291.584
650000 1182245668755 6048.42 30242123.09 223903.248 404553.728
700000 1182245674529 6181.56 30907806.43 299688.896 405143.552
750000 1182245682078 6209.17 31045873.38 238673.008 404881.408
800000 1182245691204 6157.87 30789362.28 108976.256 405143.552
850000 1182245700237 6117.4 30586982.18 253609.112 403505.152
900000 1182245706548 6195.83 30979147.59 172287.312 402259.968
950000 1182245712950 6263.97 31319851.51 260723.84 401211.392
1000000 1182245720314 6288.32 31441597.23 193561.896 403243.008
1050000 1182245730603 6201.5 31007477.23 214539.744 402980.864
1100000 1182245737550 6240.75 31203726.29 91250.256 401473.536
1150000 1182245744087 6291.1 31455486.38 101683.64 402194.432
1200000 1182245750985 6325.91 31629554.66 31043.904 403570.688
1250000 1182245760735 6267.36 31336802.94 136033.96 404488.192
1300000 1182245770881 6202.53 31012634.07 300195.056 405340.16
1350000 1182245780541 6157.3 30786492.26 254452.864 404815.872
1400000 1182245789683 6129.76 30648791.12 262710.376 405995.52
1450000 1182245798459 6113.76 30568790.32 161609.784 405471.232
1500000 1182245807641 6088.85 30444242.38 225745.4 403439.616
1550000 1182245818712 6021.22 30106089.98 335094.064 403767.296
1600000 1182245829615 5962.9 29814479.4 207420.032 405078.016
1650000 1182245838062 5961.56 29807820.85 337659.4 406061.056
1700000 1182245844813 5995.97 29979825.34 276840.872 404946.944
1750000 1182245851083 6038.77 30193861.85 75662.52 404946.944
1800000 1182245861282 6000.14 30000700.02 258594.0 402587.648
1850000 1182245870448 5983.98 29919879.41 205640.248 402980.864
1900000 1182245877384 6010.85 30054255.84 124196.544 402980.864
1950000 1182245885947 6006.32 30031602.49 85211.32 401997.824
2000000 1182245895106 5991.31 29956533.07 175996.032 401539.072
2050000 1182245903150 5996.59 29982946.29 87225.328 403046.4
2100000 1182245910785 6008.65 30043262.3 145408.984 400752.64
2150000 1182245919733 5998.15 29990737.74 224673.208 402259.968
2200000 1182245928950 5983.77 29918865.48 87083.68 402128.896
2250000 1182245938136 5970.59 29852964.2 203161.752 404291.584
2300000 1182245944710 5998.63 29993140.7 157851.512 401670.144
2350000 1182245952796 6002.45 30012234.77 125609.504 404553.728
2400000 1182245960584 6010.59 30052968.36 190820.064 404946.944
2450000 1182245970136 5992.46 29962308.64 161492.952 405274.624
2500000 1182245980966 5956.96 29784810.7 137541.808 403701.76
2550000 1182245987781 5979.01 29895050.79 291914.656 404226.048
2600000 1182245996288 5977.03 29885126.17 31240.936 404619.264
2650000 1182246009041 5918.45 29592274.29 240210.104 402128.896
2700000 1182246018837 5901.02 29505101.1 243431.616 403898.368
2750000 1182246028024 5891.99 29459971.93 71812.816 403505.152
2800000 1182246035344 5906.49 29532438.22 181312.328 405274.624
2850000 1182246042568 5921.72 29608605.4 122346.92 404684.8
2900000 1182246049150 5944.32 29721580.53 73298.68 405929.984
2950000 1182246055878 5964.55 29822741.71 141177.512 405471.232
3000000 1182246062812 5981.78 29908897.5 269287.752 403636.224
3050000 1182246069539 6000.98 30004918.84 274097.32 401342.464
3100000 1182246078807 5990.13 29950649.06 324129.528 403832.832
3150000 1182246086857 5993.52 29967577.93 253306.12 403570.688
3200000 1182246094858 5997.35 29986749.61 99855.216 404094.976
3250000 1182246108232 5942.12 29710591.41 304100.672 405340.16
3300000 1182246114916 5960.69 29803459.73 294798.016 405471.232
3350000 1182246124976 5943.01 29715072.37 119424.968 404488.192
3400000 1182246133397 5942.93 29714669.26 106157.056 405143.552
3450000 1182246140440 5957 29784978.36 215309.368 406847.488
3500000 1182246147176 5973.85 29869241 339951.336 407044.096
3550000 1182246156547 5963.8 29819002.85 119575.728 406454.272
3600000 1182246163803 5974.96 29874824.49 338736.448 407699.456
3650000 1182246171515 5981.39 29906952.51 100095.896 408027.136
3700000 1182246183019 5951.14 29755681.73 90532.456 408223.744
3750000 1182246197777 5891.71 29458528.68 109548.92 409534.464
3800000 1182246208353 5872.68 29363401.46 71716.632 410779.648
3850000 1182246219789 5846.62 29233105.54 162965.496 411041.792
3900000 1182246230262 5829.83 29149158.49 259509.688 409731.072
3950000 1182246244659 5780.18 28900888.25 273060.656 410648.576
4000000 1182246263717 5694.53 28472669.08 309986.336 410779.648

-- results:

10.68.12.33:35902:
num_msgs_expected=4000000, num_msgs_received=4000000 (loss rate=0.0%), received=20GB, time=702429ms, msgs/sec=5694.53, throughput=28.47MB

10.68.0.33:52423:
num_msgs_expected=4000000, num_msgs_received=4000000 (loss rate=0.0%), received=20GB, time=702440ms, msgs/sec=5694.44, throughput=28.47MB

10.68.4.33:37781:
num_msgs_expected=4000000, num_msgs_received=4000000 (loss rate=0.0%), received=20GB, time=702755ms, msgs/sec=5691.88, throughput=28.46MB

10.68.16.33:35033 (myself):
num_msgs_expected=4000000, num_msgs_received=4000000 (loss rate=0.0%), received=20GB, time=702428ms, msgs/sec=5694.53, throughput=28.47MB

combined: 5693.85 msgs/sec averaged over all receivers (throughput=28.46MB/sec)


-- results:

10.68.12.33:35902:
num_msgs_expected=4000000, num_msgs_received=4000000 (loss rate=0.0%), received=20GB, time=702429ms, msgs/sec=5694.53, throughput=28.47MB

10.68.0.33:52423:
num_msgs_expected=4000000, num_msgs_received=4000000 (loss rate=0.0%), received=20GB, time=702440ms, msgs/sec=5694.44, throughput=28.47MB

10.68.4.33:37781:
num_msgs_expected=4000000, num_msgs_received=4000000 (loss rate=0.0%), received=20GB, time=702755ms, msgs/sec=5691.88, throughput=28.46MB

10.68.16.33:35033 (myself):
num_msgs_expected=4000000, num_msgs_received=4000000 (loss rate=0.0%), received=20GB, time=702428ms, msgs/sec=5694.53, throughput=28.47MB

combined: 5693.85 msgs/sec averaged over all receivers (throughput=28.46MB/sec)

