

----------------------- TEST -----------------------
Date: Tue Jun 19 05:45:28 EDT 2007
Run by: bela

log_interval:	50000
msg_size:	5000
config:	/home/bela/config.txt
transport:	org.jgroups.tests.perf.transports.JGroupsTransport
num_senders:	4
sender:	true
props:	./sfc.xml
dump_transport_stats:	false
num_msgs:	1000000
processing_delay:	0
num_members:	4
jmx:	false
JGroups version: 2.5.0 CR1


##### msgs_received, current time (in ms), msgs/sec, throughput/sec [KB], free_mem [KB] , total_mem [KB] 
50000 1182246345984 2968.06 14840318.18 305142.088 380108.8
100000 1182246357756 3494.3 17471521.42 197398.752 396754.944
150000 1182246365087 4172.58 20862889.09 282532.624 399638.528
200000 1182246373232 4535.76 22678822.52 279478.328 400621.568
250000 1182246383813 4572.47 22862368.54 279960.824 400097.28
300000 1182246392853 4708.47 23542336.97 309284.168 395575.296
350000 1182246402408 4776.85 23884263.68 333853.776 399769.6
400000 1182246409346 4987.03 24935168.56 169972.584 398065.664
450000 1182246416898 5127.62 25638103.92 345109.864 399900.672
500000 1182246428837 5015.1 25075477.19 240631.024 388890.624
550000 1182246440326 4946.58 24732884.84 59629.448 397148.16
600000 1182246448421 5030.05 25150272.88 65283.56 399048.704
650000 1182246456293 5111.87 25559356.69 149299.712 401342.464
700000 1182246465125 5147.55 25737754.34 212712.952 401866.752
750000 1182246472897 5217.06 26085323.35 298537.064 397017.088
800000 1182246482954 5201.02 26005097 59860.36 397344.768
850000 1182246492762 5194.84 25974184.72 90216.552 397475.84
900000 1182246500830 5241.94 26209724.39 139176.984 398589.952
950000 1182246508112 5308.03 26540167.85 115069.48 400031.744
1000000 1182246516965 5324.05 26620240.97 345305.68 400883.712
1050000 1182246526253 5326.84 26634198.31 335742.496 397672.448
1100000 1182246536162 5313.39 26566968.08 345690.336 397213.696
1150000 1182246544771 5333.14 26665677.33 342617.968 399048.704
1200000 1182246550965 5409.62 27048105.05 208203.704 396558.336
1250000 1182246557323 5478.01 27390056.31 182551.576 397869.056
1300000 1182246564351 5526.91 27634527 175833.216 395902.976
1350000 1182246569530 5615.83 28079137.41 323213.28 397541.376
1400000 1182246576144 5667.88 28339392.57 282833.272 393936.896
1450000 1182246583559 5699.22 28496075.4 248099.44 391118.848
1500000 1182246590003 5750.1 28750503.13 174180.864 394919.936
1550000 1182246596682 5793.44 28967197.92 259618.224 397934.592
1600000 1182246602823 5846.14 29230684.91 233748.936 398196.736
1650000 1182246609611 5882.92 29414596.06 184484.648 399179.776
1700000 1182246614712 5952.92 29764614.43 118569.688 400162.816
1750000 1182246621358 5988.64 29943193.48 185382.016 399572.992
1800000 1182246628476 6013.27 30066346.4 135654.536 398131.2
1850000 1182246636677 6015.5 30077486.11 98445.704 397803.52
1900000 1182246643061 6052.44 30262198.05 269629.784 397803.52
1950000 1182246649375 6089.24 30446200.78 233507.576 398983.168
2000000 1182246655616 6125.99 30629935.25 163493.424 393084.928
2050000 1182246662027 6158.21 30791044.46 231145.28 395509.76
2100000 1182246668799 6182.64 30913175.2 297585.6 399835.136
2150000 1182246677426 6173.05 30865260.93 331685.968 400097.28
2200000 1182246687423 6140.36 30701815.59 204448.552 397737.984
2250000 1182246694556 6157.33 30786660.76 257801.304 399048.704
2300000 1182246701075 6183.84 30919214.81 267207.616 398065.664
2350000 1182246710300 6165.36 30826787.56 94248.352 393543.68
2400000 1182246717018 6187.48 30937403.32 217081.864 396492.8
2450000 1182246726152 6171.07 30855335.08 209937.808 396754.944
2500000 1182246734683 6164.54 30822720.04 291453.976 393609.216
2550000 1182246743380 6155.82 30779109.8 93555.576 389545.984
2600000 1182246749533 6184.66 30923298.33 76284.192 393150.464
2650000 1182246755917 6209.3 31046513.54 171045.688 393216.0
2700000 1182246762639 6228.36 31141796.67 206333.424 393543.68
2750000 1182246772423 6203.68 31018419.3 288437.016 395444.224
2800000 1182246782525 6175.74 30878697.45 154996.312 394067.968
2850000 1182246789710 6187.96 30939787.92 196497.144 397017.088
2900000 1182246796583 6203.94 31019692.16 173133.032 395771.904
2950000 1182246804740 6202.67 31013326.27 306621.144 396099.584
3000000 1182246812637 6204.77 31023849.07 180410.768 397410.304
3050000 1182246824263 6160.06 30800302.95 53474.264 398917.632
3100000 1182246831293 6173.39 30866963.39 280744.168 401670.144
3150000 1182246836509 6208.47 31042373.33 101692.496 399572.992
3200000 1182246843562 6220.55 31102747.93 130035.536 399572.992
3250000 1182246853468 6198.39 30991932.56 164293.072 399114.24
3300000 1182246860088 6215.27 31076372.54 103918.368 400818.176
3350000 1182246867902 6217.94 31089679.34 191212.56 399048.704
3400000 1182246875903 6218.39 31091968.21 194307.648 402391.04
3450000 1182246883617 6222.06 31110285.51 115060.552 404094.976
3500000 1182246894640 6189.19 30945955.98 259144.488 405471.232
3550000 1182246901916 6197.86 30989318.72 258559.64 405471.232
3600000 1182246909428 6203.79 31018973.27 170048.416 406061.056
3650000 1182246915594 6223.83 31119129.14 174366.832 401866.752
3700000 1182246924520 6214.5 31072487.92 190718.552 403374.08
3750000 1182246930204 6238.92 31194577.63 211817.968 403570.688
3800000 1182246940407 6216.58 31082878.41 277373.392 405274.624
3850000 1182246951658 6184.54 30922701.28 98866.952 407240.704
3900000 1182246956375 6217.75 31088727.23 300088.136 408551.424
3950000 1182246961182 6249.56 31247824.52 219785.832 409796.608
4000000 1182246965978 6281.01 31405062.5 139682.752 409600.0

-- results:

10.68.12.33:35903:
num_msgs_expected=4000000, num_msgs_received=4000000 (loss rate=0.0%), received=20GB, time=636870ms, msgs/sec=6280.72, throughput=31.4MB

10.68.4.33:37795:
num_msgs_expected=4000000, num_msgs_received=4000000 (loss rate=0.0%), received=20GB, time=636855ms, msgs/sec=6280.86, throughput=31.4MB

10.68.16.33:35034 (myself):
num_msgs_expected=4000000, num_msgs_received=4000000 (loss rate=0.0%), received=20GB, time=636840ms, msgs/sec=6281.01, throughput=31.41MB

10.68.0.33:52440:
num_msgs_expected=4000000, num_msgs_received=4000000 (loss rate=0.0%), received=20GB, time=636856ms, msgs/sec=6280.85, throughput=31.4MB

combined: 6280.86 msgs/sec averaged over all receivers (throughput=31.4MB/sec)


-- results:

10.68.12.33:35903:
num_msgs_expected=4000000, num_msgs_received=4000000 (loss rate=0.0%), received=20GB, time=636870ms, msgs/sec=6280.72, throughput=31.4MB

10.68.4.33:37795:
num_msgs_expected=4000000, num_msgs_received=4000000 (loss rate=0.0%), received=20GB, time=636855ms, msgs/sec=6280.86, throughput=31.4MB

10.68.16.33:35034 (myself):
num_msgs_expected=4000000, num_msgs_received=4000000 (loss rate=0.0%), received=20GB, time=636840ms, msgs/sec=6281.01, throughput=31.41MB

10.68.0.33:52440:
num_msgs_expected=4000000, num_msgs_received=4000000 (loss rate=0.0%), received=20GB, time=636856ms, msgs/sec=6280.85, throughput=31.4MB

combined: 6280.86 msgs/sec averaged over all receivers (throughput=31.4MB/sec)


-- results:

10.68.12.33:35903:
num_msgs_expected=4000000, num_msgs_received=4000000 (loss rate=0.0%), received=20GB, time=636870ms, msgs/sec=6280.72, throughput=31.4MB

10.68.4.33:37795:
num_msgs_expected=4000000, num_msgs_received=4000000 (loss rate=0.0%), received=20GB, time=636855ms, msgs/sec=6280.86, throughput=31.4MB

10.68.16.33:35034 (myself):
num_msgs_expected=4000000, num_msgs_received=4000000 (loss rate=0.0%), received=20GB, time=636840ms, msgs/sec=6281.01, throughput=31.41MB

10.68.0.33:52440:
num_msgs_expected=4000000, num_msgs_received=4000000 (loss rate=0.0%), received=20GB, time=636856ms, msgs/sec=6280.85, throughput=31.4MB

combined: 6280.86 msgs/sec averaged over all receivers (throughput=31.4MB/sec)

